TCGA-3C-AALI-01Z-00-DX2.CF4496E0-AB52-4F3E-BDF5-C34833B91B7C 3 4005.0 1.0
TCGA-3C-AALI-01Z-00-DX1.F6E9A5DF-D8FB-45CF-B4BD-C6B76294C291 3 4005.0 1.0
TCGA-3C-AALJ-01Z-00-DX2.62DFE56B-B84C-40F9-9625-FCB55767B70D 2 1474.0 1.0
TCGA-3C-AALJ-01Z-00-DX1.777C0957-255A-42F0-9EEB-A3606BCF0C96 2 1474.0 1.0
TCGA-3C-AALK-01Z-00-DX1.4E6EB156-BB19-410F-878F-FC0EA7BD0B53 2 1448.0 1.0
TCGA-4H-AAAK-01Z-00-DX1.ABF1B042-1970-4E28-8671-43AAD393D2F9 0 348.0 1.0
TCGA-5L-AAT0-01Z-00-DX1.5E171263-30BF-4C6B-88A1-E8EA0522A861 2 1477.0 1.0
TCGA-5L-AAT1-01Z-00-DX1.F3449A5B-2AC4-4ED7-BF44-4C8946CDB47D 2 1471.0 1.0
TCGA-5T-A9QA-01Z-00-DX1.B4212117-E0A7-4EF2-B324-8396042ACEC1 0 303.0 1.0
TCGA-A1-A0SB-01Z-00-DX1.B34C267B-CAAA-4AB6-AD5C-276C26F997A1 0 259.0 1.0
TCGA-A1-A0SD-01Z-00-DX1.DB17BFA9-D951-42A8-91D2-F4C2EBC6EB9F 0 437.0 1.0
TCGA-A1-A0SE-01Z-00-DX1.04B09232-C6C4-46EF-AA2C-41D078D0A80A 2 1321.0 1.0
TCGA-A1-A0SF-01Z-00-DX1.7F252D89-EA78-419F-A969-1B7313D77499 2 1463.0 1.0
TCGA-A1-A0SH-01Z-00-DX1.90E71B08-E1D9-4FC2-85AC-062E56DDF17C 2 1437.0 1.0
TCGA-A1-A0SI-01Z-00-DX1.AB717348-F964-4F29-BBE2-972B7C640432 0 635.0 1.0
TCGA-A1-A0SJ-01Z-00-DX1.C196FA66-C376-4016-86BC-3D8E745B3A51 0 416.0 1.0
TCGA-A1-A0SK-01Z-00-DX1.A44D70FA-4D96-43F4-9DD7-A61535786297 1 967.0 0.0
TCGA-A1-A0SM-01Z-00-DX1.AD503DBD-4D93-4476-B467-F091254FDF78 0 242.0 1.0
TCGA-A1-A0SN-01Z-00-DX1.5E9B85AE-AFB7-41DC-8A1B-BD6DA39B6540 1 1196.0 1.0
TCGA-A1-A0SP-01Z-00-DX1.20D689C6-EFA5-4694-BE76-24475A89ACC0 0 584.0 1.0
TCGA-A1-A0SQ-01Z-00-DX1.36071264-3407-4224-BCBB-2ED00294569A 0 554.0 1.0
TCGA-A2-A04N-01Z-00-DX1.9E9B7DB0-1CF1-4631-8292-A9DBCA0BD37C 3 4354.0 1.0
TCGA-A2-A04P-01Z-00-DX1.5B481E02-D269-4732-8FDD-6494E6EE2B71 0 548.0 0.0
TCGA-A2-A04Q-01Z-00-DX1.DF7ED6B6-7701-486D-9007-F26B6F0682C4 3 2385.0 1.0
TCGA-A2-A04R-01Z-00-DX1.BE3661A3-A2A0-4248-B7D5-D8986E529B6C 3 3709.0 1.0
TCGA-A2-A04T-01Z-00-DX1.71444266-BD56-4183-9603-C7AC20C9DA1E 2 2246.0 1.0
TCGA-A2-A04U-01Z-00-DX1.06D17357-46A8-4DC3-A22B-2F4EB6EE3F79 3 2654.0 1.0
TCGA-A2-A04V-01Z-00-DX1.EB430DDB-8FE9-4302-8829-53DBAD09E79F 2 1920.0 0.0
TCGA-A2-A04W-01Z-00-DX1.F7E7B945-2ADC-4741-8FCE-ACEA657DB9C7 3 3102.0 1.0
TCGA-A2-A04X-01Z-00-DX1.E01A4522-67B3-4FEF-BD6B-99DFED9E7C85 2 1686.0 1.0
TCGA-A2-A04Y-01Z-00-DX1.4DC97AD6-4806-4A3A-A998-FD36F93590A4 1 1099.0 1.0
TCGA-A2-A0CK-01Z-00-DX1.C3226BD1-11B0-4034-946A-BAB42958CE85 3 4159.0 1.0
TCGA-A2-A0CL-01Z-00-DX1.5342E971-DCD2-42C4-B4FF-E6942A95829E 3 3015.0 1.0
TCGA-A2-A0CM-01Z-00-DX1.AC4901DE-4B6D-4185-BB9F-156033839828 1 754.0 0.0
TCGA-A2-A0CO-01Z-00-DX1.B191DADE-7DEA-4575-AED7-1C52BE15B8D5 3 3492.0 0.0
TCGA-A2-A0CP-01Z-00-DX1.ECFD263C-BB17-4ADA-8F2C-654C2AA4C45F 3 2813.0 1.0
TCGA-A2-A0CQ-01Z-00-DX1.4E5FB4E5-A08C-4C87-A3BE-0640A95AE649 3 2695.0 1.0
TCGA-A2-A0CR-01Z-00-DX1.F7D36CA5-A4C6-443A-AEED-5B23CD924FA3 3 3283.0 1.0
TCGA-A2-A0CS-01Z-00-DX1.3986B545-63E8-4727-BCC1-701DE947D1FB 2 2348.0 0.0
TCGA-A2-A0CT-01Z-00-DX1.A8564130-49CF-4F5B-B5AB-F4D1A10479FF 2 2289.0 1.0
TCGA-A2-A0CU-01Z-00-DX1.5B77D21C-A497-478B-9752-3730322AD9ED 0 158.0 0.0
TCGA-A2-A0CV-01Z-00-DX1.B02D017A-61CD-45FE-BB31-705CD127DDAB 3 3011.0 1.0
TCGA-A2-A0CW-01Z-00-DX1.8E313A22-B0E8-44CF-ADEA-8BF29BA23FFE 3 3283.0 1.0
TCGA-A2-A0CX-01Z-00-DX1.F07C75AB-E568-45CB-B497-37C712490393 2 1728.0 1.0
TCGA-A2-A0CY-01Z-00-DX1.8815F011-317B-4BB7-A48F-64EABD0E558B 2 1673.0 1.0
TCGA-A2-A0CZ-01Z-00-DX1.A433A414-4F1B-4F99-8FD9-E64803F5E042 2 1616.0 1.0
TCGA-A2-A0D0-01Z-00-DX1.4FF6B8E5-703B-400F-920A-104F56E0F874 2 2048.0 1.0
TCGA-A2-A0D3-01Z-00-DX1.D18CE1C0-291D-41C1-8F71-2A0551F8C661 2 1873.0 1.0
TCGA-A2-A0D4-01Z-00-DX1.35E43827-DABC-4685-A62A-333672923349 1 767.0 1.0
TCGA-A2-A0EM-01Z-00-DX1.305CF011-7451-4880-9A5D-AB4432CF53A5 3 3094.0 1.0
TCGA-A2-A0EN-01Z-00-DX1.F43A5D17-9267-4963-993A-93AC91BDC031 3 4088.0 1.0
TCGA-A2-A0EO-01Z-00-DX1.D7A09E23-2CAB-4B3B-814C-BF0BA75B7589 3 2442.0 1.0
TCGA-A2-A0EP-01Z-00-DX1.1180C406-5C18-4373-8621-1B7B70875113 3 3603.0 1.0
TCGA-A2-A0EQ-01Z-00-DX1.5FCD8890-4594-4BE2-93B1-B8F698BFD2A0 3 2426.0 1.0
TCGA-A2-A0ER-01Z-00-DX1.18123C1B-A0CC-4957-9373-5FFAB985C2E8 2 2263.0 1.0
TCGA-A2-A0ES-01Z-00-DX1.5652EE30-48C1-4EC1-AD77-8C72DFCB9A97 2 2190.0 1.0
TCGA-A2-A0ET-01Z-00-DX1.41E86BB9-EA52-4615-94E7-0F09DDB094F4 1 1066.0 1.0
TCGA-A2-A0EU-01Z-00-DX1.13335BEB-63D4-469B-A389-8A079A096129 1 1043.0 1.0
TCGA-A2-A0EV-01Z-00-DX1.EA8C5594-BA4F-47A8-949B-D536E00E62C9 1 968.0 1.0
TCGA-A2-A0EW-01Z-00-DX1.F24495CB-63D8-483F-9834-F761E3F16BF0 2 1884.0 0.0
TCGA-A2-A0EX-01Z-00-DX1.F4C293E9-9BB2-48A1-8080-5F3082E219C5 1 752.0 1.0
TCGA-A2-A0EY-01Z-00-DX1.2F2428B3-0767-48E0-AC22-443C244CBD16 2 1925.0 1.0
TCGA-A2-A0ST-01Z-00-DX1.AE05A5DB-4861-40DE-B0F5-7955FC903A96 3 3017.0 1.0
TCGA-A2-A0SU-01Z-00-DX1.22420EE2-4FEB-42F3-9547-4739F0F73D50 2 1662.0 1.0
TCGA-A2-A0SV-01Z-00-DX1.F5645E47-3540-4753-AF5D-F5709BD8DFC1 1 825.0 0.0
TCGA-A2-A0SW-01Z-00-DX1.E1EA0407-B831-4D75-826E-80B82B821797 2 1365.0 0.0
TCGA-A2-A0SX-01Z-00-DX1.219A994C-8974-4458-98FA-FB1F14868E04 2 1534.0 1.0
TCGA-A2-A0SY-01Z-00-DX1.279A5479-E183-4F79-AF40-50BF1834BA4A 2 1347.0 1.0
TCGA-A2-A0T0-01Z-00-DX1.51F904DA-A4B5-4451-8AEF-58E7EF7651DB 0 533.0 1.0
TCGA-A2-A0T1-01Z-00-DX1.CD1E9C46-18A3-466B-AA0B-24F3055FA851 0 521.0 1.0
TCGA-A2-A0T2-01Z-00-DX1.29A5C4C8-6AE8-44EE-98C2-ACBCBFBE9D60 0 255.0 0.0
TCGA-A2-A0T3-01Z-00-DX1.5E96BC87-F4FB-4ABA-8D81-FAB7F4A80661 2 1516.0 1.0
TCGA-A2-A0T4-01Z-00-DX1.AC61ED08-2E42-4D4A-BB81-746D3FEBB653 0 624.0 1.0
TCGA-A2-A0T5-01Z-00-DX1.128C288B-B357-439B-A8D4-8E7DEBF73E4E 0 531.0 1.0
TCGA-A2-A0T6-01Z-00-DX1.207A3883-5B41-40EB-95A1-D64C9610650B 0 575.0 1.0
TCGA-A2-A0T7-01Z-00-DX1.EA4DF9B5-8D04-4BCC-9ECB-CB8CB8ACBE1C 0 631.0 1.0
TCGA-A2-A0YC-01Z-00-DX1.F01F2268-17D8-45FD-8917-FD89454D0709 1 990.0 1.0
TCGA-A2-A0YD-01Z-00-DX1.B81FF541-F154-4C49-950B-B6CB723369E2 1 769.0 1.0
TCGA-A2-A0YE-01Z-00-DX1.8A2E3094-5755-42BC-969D-7F0A2ECA0F39 0 554.0 1.0
TCGA-A2-A0YF-01Z-00-DX1.6166E995-0669-43D6-B9C7-FE39BCE529CF 2 1535.0 1.0
TCGA-A2-A0YG-01Z-00-DX1.89A39319-F880-47DE-B311-DA1F6A64B6F3 0 666.0 1.0
TCGA-A2-A0YH-01Z-00-DX1.FBA5E711-8275-45B3-BC20-5A786EE23548 0 659.0 1.0
TCGA-A2-A0YI-01Z-00-DX1.1CF2EC2D-C722-467F-8832-409B823E8D8F 2 1505.0 1.0
TCGA-A2-A0YJ-01Z-00-DX1.8135C74E-DAA8-4C8E-AF14-A4B5B57695BE 0 566.0 1.0
TCGA-A2-A0YK-01Z-00-DX1.FB23FC30-B3B2-452A-A6B0-94129B333207 0 588.0 1.0
TCGA-A2-A0YL-01Z-00-DX1.69A438C7-B1E0-4990-B1E6-586C551DC79C 2 1474.0 1.0
TCGA-A2-A0YM-01Z-00-DX1.A48B4C96-2CC5-464C-98B7-F0F92AE56533 1 965.0 1.0
TCGA-A2-A0YT-01Z-00-DX1.63CA3E36-B3E4-4D3F-9F80-2703970DBE5B 0 723.0 0.0
TCGA-A2-A1FV-01Z-00-DX1.F70ACD9A-7819-4296-BD28-4D24BBA8AFF4 0 714.0 1.0
TCGA-A2-A1FW-01Z-00-DX1.DC2BC5D7-E57B-444E-833F-9A1B6E11DE6D 0 528.0 1.0
TCGA-A2-A1FX-01Z-00-DX1.35B93F3A-9959-4D72-A702-08B27563D24F 2 1847.0 1.0
TCGA-A2-A1FZ-01Z-00-DX1.0BAAEF41-DCA4-4677-9A27-09E990033FA6 0 683.0 1.0
TCGA-A2-A1G0-01Z-00-DX1.9ECB0B8A-EF4E-45A9-82AC-EF36375DEF65 0 616.0 1.0
TCGA-A2-A1G1-01Z-00-DX1.E52A474F-DE13-41CF-94D4-D00BAC46ECF4 0 584.0 1.0
TCGA-A2-A1G4-01Z-00-DX1.0274DF5B-5920-419A-B778-2F04D9C602F2 0 595.0 1.0
TCGA-A2-A1G6-01Z-00-DX1.BCC3EC46-CEBF-4B37-BCF0-266D18170B54 0 501.0 1.0
TCGA-A2-A259-01Z-00-DX1.7289CD72-CB74-41D4-B4AC-4EA5FDFEC666 2 1596.0 1.0
TCGA-A2-A25A-01Z-00-DX1.6D311E39-9F96-4775-B9DA-8D034D1AD1DC 3 3276.0 1.0
TCGA-A2-A25B-01Z-00-DX1.58D7BEDE-5558-4A9E-A95E-DDF24C9267EF 2 1291.0 1.0
TCGA-A2-A25C-01Z-00-DX1.F8E6044A-435E-42D5-94FF-C0F572F1ED99 0 523.0 1.0
TCGA-A2-A25D-01Z-00-DX1.41DADDB8-3E3F-4F8F-8BE7-C43F8FBCFD2B 0 552.0 1.0
TCGA-A2-A25E-01Z-00-DX1.46D1950B-0BAF-4A44-B58F-CD738E74CB27 3 3204.0 1.0
TCGA-A2-A25F-01Z-00-DX1.87499CD4-E41C-46B1-AAF3-5CE881F2B8BC 0 322.0 1.0
TCGA-A2-A3KC-01Z-00-DX1.2532878B-49E2-48D5-82D5-00730C90EEF8 1 1102.0 1.0
TCGA-A2-A3KD-01Z-00-DX1.E400D529-A0D1-4C78-AD5C-33EB0508B128 1 1206.0 1.0
TCGA-A2-A3XS-01Z-00-DX1.867925C0-91D8-40A0-9FEA-25A635AC31E7 1 1032.0 0.0
TCGA-A2-A3XT-01Z-00-DX1.336D6C78-576A-481B-8C83-F3A0FC4B182C 3 2770.0 1.0
TCGA-A2-A3XU-01Z-00-DX1.174A92D4-50B2-4A59-AD31-D5EC5BBF2F65 1 912.0 0.0
TCGA-A2-A3XV-01Z-00-DX1.4B58B7CD-B3F6-4C31-863F-924D291EF17C 1 996.0 1.0
TCGA-A2-A3XW-01Z-00-DX1.45F5F36F-5503-4A38-AF37-E526915A8DBE 2 1712.0 1.0
TCGA-A2-A3XX-01Z-00-DX1.03C6D70F-2833-4E97-91B7-DE70CD083D92 2 1439.0 0.0
TCGA-A2-A3XY-01Z-00-DX1.E57FC9BF-411E-4028-AC10-8BCA5D0C8472 1 1093.0 0.0
TCGA-A2-A3XZ-01Z-00-DX1.B7A1344E-7015-4A21-B3D4-EB760161BE7C 2 1532.0 1.0
TCGA-A2-A3Y0-01Z-00-DX1.A1EDDF82-FFAA-44A4-A749-7FB6F8133CC0 2 1546.0 1.0
TCGA-A2-A4RW-01Z-00-DX1.4AF8656E-2478-4895-8C59-B0C969F3E474 0 222.0 1.0
TCGA-A2-A4RX-01Z-00-DX1.E2C96C9D-5023-4F41-8CC8-24C6E015B252 1 742.0 1.0
TCGA-A2-A4RY-01Z-00-DX1.143E32FC-E10F-4590-9C72-32094B24EF8C 0 648.0 1.0
TCGA-A2-A4S0-01Z-00-DX1.5878187D-325F-4274-BE41-86BB2BA5F841 0 706.0 1.0
TCGA-A2-A4S1-01Z-00-DX1.C69B14F6-5021-4FD8-8F2D-70227A5DA2B1 1 820.0 1.0
TCGA-A2-A4S2-01Z-00-DX1.D779B63B-8817-43F1-A8F4-236C82DB78F8 0 643.0 1.0
TCGA-A2-A4S3-01Z-00-DX1.50699E65-E536-4C9B-93A7-4C9894624A29 0 666.0 1.0
TCGA-A7-A0CD-01Z-00-DX1.F045B9C8-049C-41BF-8432-EF89F236D34D 1 1165.0 1.0
TCGA-A7-A0CE-01Z-00-DX2.5AD1DB65-10E7-4996-AB5E-13D7851EC5FA 1 1074.0 1.0
TCGA-A7-A0CE-01Z-00-DX1.E67322FB-ED25-4B85-B3B0-2B8BD277BB4A 1 1074.0 1.0
TCGA-A7-A0CG-01Z-00-DX1.D77019C2-96B1-4EF5-A61E-5F2D5B8D9852 1 1043.0 1.0
TCGA-A7-A0CG-01Z-00-DX2.81138E90-373A-4C12-B9CA-6EEF5F84A5B5 1 1043.0 1.0
TCGA-A7-A0CH-01Z-00-DX1.48ADDD0B-527A-404C-B794-7D7D35BF861F 1 1079.0 1.0
TCGA-A7-A0CH-01Z-00-DX2.81DDF423-FCA8-46CA-83A4-2E80B611844D 1 1079.0 1.0
TCGA-A7-A0CJ-01Z-00-DX1.E26F2F62-D688-4373-BB7B-790A06734E49 1 931.0 1.0
TCGA-A7-A0CJ-01Z-00-DX2.4B591117-5FC9-4B43-8A45-444CCCABC666 1 931.0 1.0
TCGA-A7-A0D9-01Z-00-DX2.66CD9ED8-223B-4AC8-AA1A-2481FB0C47B3 1 1139.0 1.0
TCGA-A7-A0D9-01Z-00-DX1.FBC3B90F-C58B-4476-8354-0AF9248324E3 1 1139.0 1.0
TCGA-A7-A0DA-01Z-00-DX1.5F087009-16E9-4A07-BA24-62340E108B17 1 1085.0 1.0
TCGA-A7-A0DA-01Z-00-DX2.90C93176-C3C6-41B3-B34B-B16F1A1779E6 1 1085.0 1.0
TCGA-A7-A0DB-01Z-00-DX2.6C6A5F9C-294F-4A86-A0F1-B68D4729B535 1 1007.0 1.0
TCGA-A7-A0DB-01Z-00-DX1.9CE855BC-0C37-43FB-8806-6625E176BE2E 1 1007.0 1.0
TCGA-A7-A0DC-01Z-00-DX2.795FD529-D7C2-407D-9E8A-5DCE1EF49029 1 906.0 1.0
TCGA-A7-A0DC-01Z-00-DX1.C770781E-83E4-47DD-B658-25BBBBB32066 1 906.0 1.0
TCGA-A7-A13D-01Z-00-DX1.D206783C-FA6A-4B6A-B3AA-4132A2C9626B 1 965.0 1.0
TCGA-A7-A13D-01Z-00-DX2.8165A362-6A08-4BFD-9428-7EEB6C59D7F1 1 965.0 1.0
TCGA-A7-A13E-01Z-00-DX1.891954FF-316A-4562-AA14-429631944F22 0 614.0 0.0
TCGA-A7-A13E-01Z-00-DX2.1E1262AE-A32D-4814-94A5-D951CA8BA35D 0 614.0 0.0
TCGA-A7-A13F-01Z-00-DX1.AB4ADDD3-8E1C-4AB9-813E-D137A2CFB950 1 765.0 1.0
TCGA-A7-A13F-01Z-00-DX2.8CC23BAD-B3CC-4BBC-832A-A3879D6EF62D 1 765.0 1.0
TCGA-A7-A13G-01Z-00-DX1.C258C545-8C1F-41D4-846F-962A746CBDFB 0 718.0 1.0
TCGA-A7-A13G-01Z-00-DX2.72EF429E-75A7-4D1B-AFFC-8767CB213CDA 0 718.0 1.0
TCGA-A7-A13H-01Z-00-DX1.FCB33A3C-6209-474C-83C1-02551F242937 1 899.0 1.0
TCGA-A7-A13H-01Z-00-DX2.6C937651-4D3E-475D-99F6-4A9FD25CD48B 1 899.0 1.0
TCGA-A7-A26E-01Z-00-DX1.BA4A7E28-0563-4C23-82D0-AB34A2E79AE3 1 954.0 1.0
TCGA-A7-A26F-01Z-00-DX1.7ADE881D-325D-48ED-BA2D-30F589CA8EF2 1 738.0 1.0
TCGA-A7-A26G-01Z-00-DX1.29A27673-A16D-4044-BCCF-14BF6236D7D3 0 722.0 1.0
TCGA-A7-A26H-01Z-00-DX1.3344CFD3-5A19-4B01-BEB2-AB89F83FD53A 0 724.0 1.0
TCGA-A7-A26I-01Z-00-DX1.0077D012-BC14-4E96-84F7-A1A6A3A778DF 0 661.0 1.0
TCGA-A7-A26J-01Z-00-DX1.86A92FBD-F346-4206-A1BE-0CBA1596135F 0 627.0 1.0
TCGA-A7-A2KD-01Z-00-DX1.BFF2DFC8-1D95-4DC2-98FC-5BD7D7C6CDF5 0 679.0 1.0
TCGA-A7-A3IY-01Z-00-DX1.B4E75265-3B2A-456C-996A-F95B5A645BF8 0 345.0 1.0
TCGA-A7-A3IZ-01Z-00-DX1.7437130B-DF49-40C8-ABCD-FF9364B9B1B0 0 322.0 1.0
TCGA-A7-A3J0-01Z-00-DX1.59DB32BC-F59C-43B3-8DDD-4A728EBA8AB8 0 313.0 1.0
TCGA-A7-A3J1-01Z-00-DX1.92895B92-5F95-4EA3-9237-4CAF63CDE3FF 0 343.0 1.0
TCGA-A7-A3RF-01Z-00-DX1.E60647BC-229D-4409-A564-EE0945F912EE 0 408.0 1.0
TCGA-A7-A425-01Z-00-DX1.812A94B1-0403-4298-A6C5-F71AFD3A9995 0 447.0 1.0
TCGA-A7-A426-01Z-00-DX1.3058E873-9442-4872-80DA-E8A5B35054D2 0 364.0 1.0
TCGA-A7-A4SA-01Z-00-DX1.B48FFD3E-9B45-4CEA-ACEE-5B08058CCF5F 0 454.0 1.0
TCGA-A7-A4SB-01Z-00-DX1.E8925605-5189-441E-A719-92CFC1118B0B 0 418.0 1.0
TCGA-A7-A4SC-01Z-00-DX1.171E89D2-2D64-4C3F-A42C-B1167654858B 0 446.0 1.0
TCGA-A7-A4SD-01Z-00-DX1.677152B3-17B2-42DB-AEEC-C9509ACCE831 0 441.0 1.0
TCGA-A7-A4SE-01Z-00-DX1.16BC8401-E40E-4A1A-9BD9-12735C9AE3F6 0 644.0 1.0
TCGA-A7-A4SF-01Z-00-DX1.CDCFD4BC-4363-4CF2-95F5-4922E04C3B9D 0 545.0 1.0
TCGA-A7-A56D-01Z-00-DX1.87D9CCF4-04EE-46D2-B7FC-A83561D7752C 0 448.0 1.0
TCGA-A7-A5ZV-01Z-00-DX1.21F2EA4A-4F31-43D6-A036-E20E326AF37E 0 368.0 1.0
TCGA-A7-A5ZW-01Z-00-DX1.5F571EE3-A1A3-4604-BE89-1A46E0EC508B 0 326.0 1.0
TCGA-A7-A5ZX-01Z-00-DX2.02F586FE-4775-480B-8035-D6AD3386F45D 0 336.0 1.0
TCGA-A7-A5ZX-01Z-00-DX1.A4C651F0-DB8E-4534-84A2-AD875F62209F 0 336.0 1.0
TCGA-A7-A6VV-01Z-00-DX2.4C2BF8C1-CC84-4A6E-BC0F-430BC8BE6B26 0 313.0 1.0
TCGA-A7-A6VV-01Z-00-DX1.07AE0E16-A883-4C86-BC74-4E13081175F2 0 313.0 1.0
TCGA-A7-A6VW-01Z-00-DX1.1BC4790C-DB45-4A3D-9C97-92C92C03FF60 0 285.0 1.0
TCGA-A7-A6VX-01Z-00-DX1.F74DA243-C65A-4997-BCA0-F1C89675978C 0 317.0 1.0
TCGA-A7-A6VY-01Z-00-DX1.38D4EBD7-40B0-4EE3-960A-1F00E8F83ADB 0 266.0 1.0
TCGA-A8-A06O-01Z-00-DX1.FA4495B2-5B13-4448-ADCB-EF5316E0955B 0 396.0 1.0
TCGA-A8-A06P-01Z-00-DX1.37660D0F-1595-43C5-9D30-58D6CB93B52C 0 396.0 1.0
TCGA-A8-A06Q-01Z-00-DX1.622AC6E4-DB1A-4C8D-8185-52D4FD1F30B4 0 31.0 1.0
TCGA-A8-A06R-01Z-00-DX1.41476D0D-BA72-4FB8-B143-9EB679F26D28 0 547.0 1.0
TCGA-A8-A06T-01Z-00-DX1.BA8B8FC3-6169-48C1-BE1F-37F140CB4D3B 2 1614.0 1.0
TCGA-A8-A06U-01Z-00-DX1.56070AB9-A73E-44B8-8051-D93E8F881BBE 1 883.0 0.0
TCGA-A8-A06X-01Z-00-DX1.21F19EDD-ABCB-4398-B210-D795BB7A34E3 1 943.0 0.0
TCGA-A8-A06Y-01Z-00-DX1.3BC58446-524E-43F3-AAE6-FBC4AA543E66 1 791.0 1.0
TCGA-A8-A06Z-01Z-00-DX1.2BC8B71D-E01B-4CC1-B5E7-09BB54A5E1F8 0 31.0 1.0
TCGA-A8-A075-01Z-00-DX1.8E06AF51-951F-48E8-934E-42A455F65E5F 0 518.0 1.0
TCGA-A8-A076-01Z-00-DX1.BAAC4F9C-0C04-42FB-95F4-D765305089B8 2 1642.0 1.0
TCGA-A8-A079-01Z-00-DX1.DC32BC20-A3BC-43B3-B69F-1E71E289EA34 0 274.0 1.0
TCGA-A8-A07B-01Z-00-DX1.950B5E4E-C5F0-4445-9F88-E8C32CDFE6DA 2 1308.0 1.0
TCGA-A8-A07C-01Z-00-DX1.1F069BCA-D2B3-49CF-81FD-9EBA49A3439F 1 1034.0 1.0
TCGA-A8-A07E-01Z-00-DX1.AC684481-979A-46F9-91D7-C56CE85992F2 0 608.0 1.0
TCGA-A8-A07F-01Z-00-DX1.E6FE5B3A-A412-4E7B-A710-7DFD3596F4E3 0 577.0 1.0
TCGA-A8-A07G-01Z-00-DX1.37E8A762-8141-4BE6-935A-B3DCB712BB4A 0 577.0 1.0
TCGA-A8-A07I-01Z-00-DX1.37E7BB2E-8210-4216-B75F-0FD06D6C9AE3 0 426.0 1.0
TCGA-A8-A07J-01Z-00-DX1.FE16248C-D890-4750-A9FC-5F72BE8D8B85 0 365.0 1.0
TCGA-A8-A07L-01Z-00-DX1.D9E1051F-724E-4E88-940A-C97005DC5BEB 1 975.0 1.0
TCGA-A8-A07O-01Z-00-DX1.3D657129-F2A7-4BC1-A910-805FBDCE2212 0 304.0 1.0
TCGA-A8-A07P-01Z-00-DX1.2C7C75EF-EEE2-4A42-994C-A1A40850C87A 0 334.0 1.0
TCGA-A8-A07R-01Z-00-DX1.D716752E-86AF-468B-A905-A7894B978F22 0 273.0 1.0
TCGA-A8-A07S-01Z-00-DX1.34AFF327-E7FD-49E1-B918-0C09129581FB 0 243.0 1.0
TCGA-A8-A07U-01Z-00-DX1.69D356C3-C7FC-47E9-B753-BE421263343F 1 760.0 1.0
TCGA-A8-A07W-01Z-00-DX1.5970CF33-D675-4AF4-800F-7182AA1A44A6 0 304.0 1.0
TCGA-A8-A07Z-01Z-00-DX1.713945D9-6855-456D-87FB-EF8AF8980F51 2 1371.0 1.0
TCGA-A8-A082-01Z-00-DX1.5F82E38D-0DFD-4C2C-BC05-8F0EFEFC507C 0 549.0 1.0
TCGA-A8-A084-01Z-00-DX1.2B52D1B8-5AD4-4BD6-ADF7-9D65B8EE2621 0 458.0 1.0
TCGA-A8-A085-01Z-00-DX1.0DA29016-AEA4-4E5F-B679-83095A79F5B3 1 1124.0 1.0
TCGA-A8-A086-01Z-00-DX1.E5FD8C53-2068-4018-B3C0-08EED253ACD2 0 396.0 1.0
TCGA-A8-A08A-01Z-00-DX1.3BB777A0-8652-4483-8DD6-8EB88AB0A8EF 0 30.0 1.0
TCGA-A8-A08B-01Z-00-DX1.416316FD-E8BF-402C-939A-08920F08A181 1 1156.0 1.0
TCGA-A8-A08C-01Z-00-DX1.0602211C-1098-4711-AA41-8F56B11DB36F 1 881.0 1.0
TCGA-A8-A08F-01Z-00-DX1.9D2222F6-1425-46FD-BC94-728EF835FAC2 1 1004.0 1.0
TCGA-A8-A08G-01Z-00-DX1.C3BB7FEC-91B7-4B45-8DFC-36CABCC0FD57 0 607.0 1.0
TCGA-A8-A08I-01Z-00-DX1.96A0065E-5430-40F6-835E-1A7238A79DDA 0 365.0 1.0
TCGA-A8-A08J-01Z-00-DX1.4607286A-033B-4C44-8306-50DB9C596166 1 1127.0 0.0
TCGA-A8-A08L-01Z-00-DX1.0FC652B1-336D-4198-93FE-58D2214866D3 0 304.0 0.0
TCGA-A8-A08O-01Z-00-DX1.BC87C01D-F081-41CA-939A-875C61588E88 1 943.0 1.0
TCGA-A8-A08P-01Z-00-DX1.431A1290-9CF4-4CE7-A9F0-13F9ADA46ADA 1 943.0 1.0
TCGA-A8-A08R-01Z-00-DX1.72FBD9A3-5EB9-4855-89EB-697883C2EA9B 0 30.0 1.0
TCGA-A8-A08S-01Z-00-DX1.C0E044C2-FC3F-4E3D-A779-A725FF375F21 1 1004.0 1.0
TCGA-A8-A08T-01Z-00-DX1.ABA1ABF2-DDB1-4E31-89DC-0F7821311D11 3 3409.0 0.0
TCGA-A8-A08X-01Z-00-DX1.01FB49CC-6B8E-4317-8C42-6B6D81187A40 2 1308.0 1.0
TCGA-A8-A08Z-01Z-00-DX1.D0AADCA6-C27C-4FB8-89C1-94B5901146E7 1 1217.0 1.0
TCGA-A8-A091-01Z-00-DX1.1F38CADB-A093-416E-A8A8-31E61CD730BA 1 1004.0 1.0
TCGA-A8-A092-01Z-00-DX1.2A55EA0C-47CD-426B-9697-F2B761730585 1 942.0 1.0
TCGA-A8-A093-01Z-00-DX1.1C8056D1-11CD-482D-9A23-3A9D1B4E63F0 0 546.0 1.0
TCGA-A8-A095-01Z-00-DX1.97072E53-7323-4836-9D58-22B7C346A7CE 1 1277.0 1.0
TCGA-A8-A097-01Z-00-DX1.4D06990E-E759-40F0-9106-59408CF350E5 0 365.0 1.0
TCGA-A8-A099-01Z-00-DX1.B19C28B5-FEBC-49B4-A60E-E6B85BB00DD7 0 304.0 1.0
TCGA-A8-A09A-01Z-00-DX1.78773A6C-BA8A-46BE-AC2A-9C6FDAB45622 0 304.0 1.0
TCGA-A8-A09B-01Z-00-DX1.97CCDA89-AB73-4F05-A900-668160227B78 0 365.0 1.0
TCGA-A8-A09C-01Z-00-DX1.19E0C0E9-0ED6-4E3A-95FE-A5778F5DDBCD 0 31.0 1.0
TCGA-A8-A09D-01Z-00-DX1.66312A8A-88BA-4B58-96DF-1A7AC39F9E4A 2 1522.0 1.0
TCGA-A8-A09E-01Z-00-DX1.239A8E03-49EA-4C29-AF86-FC1BD8A9DB20 2 1492.0 1.0
TCGA-A8-A09I-01Z-00-DX1.B738E479-8766-4766-B012-B32AC2F27533 2 1371.0 1.0
TCGA-A8-A09K-01Z-00-DX1.41B2DF5F-C0E1-43BB-BAA5-2946A9EC4650 1 912.0 1.0
TCGA-A8-A09M-01Z-00-DX1.E2CEA8B5-C86D-4873-BE67-359FBEECCA09 1 1006.0 1.0
TCGA-A8-A09N-01Z-00-DX1.A0E4EF10-5BFF-46A0-94C7-578EA3A88599 0 31.0 1.0
TCGA-A8-A09Q-01Z-00-DX1.C7240AFB-5971-4577-812C-A255C249001A 1 761.0 1.0
TCGA-A8-A09R-01Z-00-DX1.392580F3-0CE5-4EDB-91CF-814AAD0DB649 0 273.0 1.0
TCGA-A8-A09T-01Z-00-DX1.4183BBA4-AF11-4602-9EC2-35083C34A393 0 579.0 1.0
TCGA-A8-A09V-01Z-00-DX1.2D6731CA-5712-4EB8-8602-E53301BF4238 0 457.0 1.0
TCGA-A8-A09W-01Z-00-DX1.BF33B0F9-5786-4682-B59E-DCBD33D7BB03 0 30.0 1.0
TCGA-A8-A09X-01Z-00-DX1.17B5BE28-944F-427B-8F90-44885C3EDD36 0 426.0 0.0
TCGA-A8-A0A1-01Z-00-DX1.CA64E221-E2A8-42B5-B611-25B9FE5FB0B0 0 365.0 1.0
TCGA-A8-A0A2-01Z-00-DX1.47BCDF13-1065-466A-B7CB-F91F5EAD7D91 0 579.0 1.0
TCGA-A8-A0A4-01Z-00-DX1.06C38F98-F34B-49F0-AFB5-7F0086188346 0 396.0 1.0
TCGA-A8-A0A7-01Z-00-DX1.A0FD4EEF-B536-47C1-BDA1-7AC71BA3E978 0 30.0 1.0
TCGA-A8-A0A9-01Z-00-DX1.16524DDD-539D-4E47-9A8F-1B910D4FEC2D 1 822.0 1.0
TCGA-A8-A0AB-01Z-00-DX1.103ED338-A0F9-403B-A10C-49840BD60EB8 0 518.0 1.0
TCGA-A8-A0AD-01Z-00-DX1.A831FB53-7605-4138-9341-6BBCA284441C 1 1157.0 1.0
TCGA-AC-A23C-01Z-00-DX1.0E67C785-83D3-49AF-B600-FB5B909AE6ED 0 585.0 1.0
TCGA-AC-A23E-01Z-00-DX1.F12A5A87-72CF-42F8-A6EC-8E7FAD80B1F7 0 698.0 1.0
TCGA-AC-A23G-01Z-00-DX1.2F0326F7-6B77-4B3F-B4FA-59ADB785AA07 2 2248.0 1.0
TCGA-AC-A23H-01Z-00-DX1.8E0AE339-1047-4CA5-BFC5-37A3B10FD8B5 0 174.0 0.0
TCGA-AC-A2B8-01Z-00-DX1.14F3A9B2-1382-436A-B53C-92FC8495AD48 0 677.0 1.0
TCGA-AC-A2BK-01Z-00-DX1.A3A1F275-9CDC-48BA-BB81-BCA6F02ACA94 2 2222.0 1.0
TCGA-AC-A2BM-01Z-00-DX1.162A9FA9-6E61-48BF-B0A5-C6C7640ABD9B 3 3022.0 1.0
TCGA-AC-A2FB-01Z-00-DX1.A4D93E32-BBD7-45E4-8ACF-3724B059ECBC 1 1234.0 1.0
TCGA-AC-A2FE-01Z-00-DX1.C036AE58-3C0D-4DBF-B658-296D03FD6701 3 2636.0 0.0
TCGA-AC-A2FF-01Z-00-DX1.012DAC86-E05C-44FA-81C2-FE4C754F409C 3 2759.0 1.0
TCGA-AC-A2FG-01Z-00-DX1.0F13DE40-9F7A-42C6-AB3D-02E8521B690A 2 1853.0 1.0
TCGA-AC-A2FK-01Z-00-DX1.033F3C27-9860-4EF3-9330-37DE5EC45724 3 2650.0 1.0
TCGA-AC-A2FM-01Z-00-DX1.5D2309D5-C47B-4B04-B7B8-2F0685842889 1 792.0 0.0
TCGA-AC-A2FO-01Z-00-DX1.46929316-D7ED-4D69-B068-409BFFBCEC4D 2 2255.0 1.0
TCGA-AC-A2QH-01Z-00-DX1.00B8BFFF-F1E2-4F99-A969-8DD7EE4F8E0B 1 1005.0 1.0
TCGA-AC-A2QI-01Z-00-DX1.977549F4-D866-4465-85FB-5C916282A488 0 588.0 1.0
TCGA-AC-A2QJ-01Z-00-DX1.48C303BB-5A23-4037-BD28-77629A8CD9DA 0 446.0 0.0
TCGA-AC-A3BB-01Z-00-DX1.CE889249-2A5E-44DA-B04E-746BE82CD805 1 987.0 1.0
TCGA-AC-A3EH-01Z-00-DX1.30160436-4DE9-4F99-87E2-214E3CA47289 0 197.0 0.0
TCGA-AC-A3HN-01Z-00-DX1.1AA71B9B-1B61-41A9-91CF-B7649DEC189E 0 496.0 1.0
TCGA-AC-A3OD-01Z-00-DX1.E19B311B-BAB1-4CE8-9421-B49D5BE4537E 0 451.0 1.0
TCGA-AC-A3QP-01Z-00-DX1.4B97E53E-1069-40C5-A062-C988663B37DD 0 675.0 1.0
TCGA-AC-A3QQ-01Z-00-DX1.86463263-AB12-49FB-8967-D5FD1F7D221A 1 734.0 1.0
TCGA-AC-A3TM-01Z-00-DX1.4421EE37-A2CC-4638-AC44-9C26CB09FDC1 1 762.0 1.0
TCGA-AC-A3TN-01Z-00-DX1.F00E81C7-0CA2-49E8-A30F-DE423538E93C 0 456.0 1.0
TCGA-AC-A3W5-01Z-00-DX1.522F702C-776E-45F1-84D3-1648DF04137C 0 504.0 1.0
TCGA-AC-A3W6-01Z-00-DX1.88CC534C-F032-4E5D-9CC4-4BB50AA46880 0 602.0 1.0
TCGA-AC-A3W7-01Z-00-DX1.189BB448-ECBA-4042-8A35-4B787271E8FE 0 471.0 1.0
TCGA-AC-A3YI-01Z-00-DX1.321C0A32-ABF9-48ED-8071-C6B1774E9F7B 0 707.0 1.0
TCGA-AC-A3YJ-01Z-00-DX1.8E665F69-FD8C-419A-871F-3AEE2E5A3A60 1 754.0 1.0
TCGA-AC-A4ZE-01Z-00-DX1.A9BB4DBC-4314-4A77-AA1C-0882DBC370F1 1 890.0 1.0
TCGA-AC-A5EH-01Z-00-DX1.DF59B26B-379F-4047-B7AE-4493810D30A0 0 511.0 1.0
TCGA-AC-A5EI-01Z-00-DX1.A174D91A-730E-460C-AE73-46CA1E5B177B 0 442.0 1.0
TCGA-AC-A5XS-01Z-00-DX1.E5F2481E-9314-4B20-84B7-370EF82AF4BB 0 588.0 1.0
TCGA-AC-A5XU-01Z-00-DX1.1AEEFAAF-0906-4086-8022-13B689FAB9F5 0 455.0 1.0
TCGA-AC-A62V-01Z-00-DX1.2D8994FD-58B8-43C1-B99D-AA964E7DFD60 0 348.0 0.0
TCGA-AC-A62X-01Z-00-DX1.36FDC9AA-4EBE-40E6-92C2-8471049171A4 0 417.0 1.0
TCGA-AC-A62Y-01Z-00-DX1.5075F4DA-488C-40AD-BD73-6DE8953E1864 0 530.0 1.0
TCGA-AC-A6IV-01Z-00-DX1.DA4F4B9F-9070-4B3A-996F-311E0A989FFB 0 568.0 1.0
TCGA-AC-A6IW-01Z-00-DX1.C4514189-E64F-4603-8970-230FA2BB77FC 0 413.0 1.0
TCGA-AC-A6IX-01Z-00-DX1.45B63C4F-9DC3-4CED-9DF9-0F86E647BEA3 0 373.0 1.0
TCGA-AC-A6NO-01Z-00-DX1.61B7F48C-6D6E-4C1B-B236-DD130ECBDA9D 0 51.0 1.0
TCGA-AC-A7VB-01Z-00-DX1.62D7FDB3-280D-43B2-92EA-AB810384B0B7 0 250.0 1.0
TCGA-AC-A7VC-01Z-00-DX1.EB247544-EADE-419C-B7A7-BB9CC978336F 0 1.0 1.0
TCGA-AC-A8OP-01Z-00-DX1.A2AF501D-7DCD-4BE7-93A4-EBCAF0C0D54E 0 614.0 1.0
TCGA-AC-A8OQ-01Z-00-DX1.15946A44-711C-4765-AB46-5CFB7BD11E42 0 34.0 1.0
TCGA-AC-A8OR-01Z-00-DX1.C9A35592-1E73-40D4-834A-46E3471D84A3 0 40.0 1.0
TCGA-AC-A8OS-01Z-00-DX1.3FD44846-8BD2-4A7A-9A87-8D3D29C25F60 0 70.0 1.0
TCGA-AN-A03Y-01Z-00-DX1.074C48E5-ED69-40AE-8709-444898122BF4 0 10.0 1.0
TCGA-AN-A041-01Z-00-DX1.96D3628B-FB6E-4A41-A5E8-8896B0657F1C 0 7.0 1.0
TCGA-AN-A046-01Z-00-DX1.C529B94F-AFE3-4701-BC98-5D6EDF7B82C0 0 10.0 1.0
TCGA-AN-A0AJ-01Z-00-DX1.74EE47B0-FE27-44CF-9355-C738DE1BD017 0 303.0 1.0
TCGA-AN-A0AK-01Z-00-DX1.4B410152-8588-4000-870A-B31B21161015 0 224.0 1.0
TCGA-AN-A0AL-01Z-00-DX1.D9E446A3-175F-4242-AFC1-78FFE3FC9AC4 0 227.0 1.0
TCGA-AN-A0AM-01Z-00-DX1.169CE39A-DD54-46D8-8D03-60B69A473CDB 0 5.0 1.0
TCGA-AN-A0AR-01Z-00-DX1.0CF1267E-C61B-4928-875E-59032F838F07 0 10.0 1.0
TCGA-AN-A0AS-01Z-00-DX1.51E551E9-E5F4-4C94-9B25-71DA41109E92 0 10.0 1.0
TCGA-AN-A0AT-01Z-00-DX1.DFD68CD2-C25E-47BE-BC06-8CE3C657B9FD 0 10.0 1.0
TCGA-AN-A0FD-01Z-00-DX1.8970DBBA-7D43-4C2E-B14A-6D21F1EF3425 0 196.0 1.0
TCGA-AN-A0FF-01Z-00-DX1.A23982C3-E0EB-4DB2-84EE-26E0005E3F66 0 172.0 1.0
TCGA-AN-A0FJ-01Z-00-DX1.97B60767-916E-4938-9D0B-E6C0FE1CB3FC 0 242.0 1.0
TCGA-AN-A0FK-01Z-00-DX1.8966A1D5-CE3A-4B08-A1F6-E613BEB1ABD1 0 213.0 1.0
TCGA-AN-A0FL-01Z-00-DX1.20A041C6-A306-4599-A7D1-65032A252AA9 0 231.0 1.0
TCGA-AN-A0FN-01Z-00-DX1.CAA3C2D0-7E74-48E5-ACB7-487434C7AAD2 0 218.0 1.0
TCGA-AN-A0FS-01Z-00-DX1.104368C2-28DA-4E43-8B27-78336AD5ABC8 0 210.0 1.0
TCGA-AN-A0FT-01Z-00-DX1.6F263AB3-FB1D-4056-AEC2-4F163017324F 0 214.0 1.0
TCGA-AN-A0FV-01Z-00-DX1.C0D02946-FCDA-472D-895D-7ACF5C96B264 0 10.0 1.0
TCGA-AN-A0FW-01Z-00-DX1.5EEDFC71-6ABE-4189-8C45-2127403A8F04 0 11.0 1.0
TCGA-AN-A0FX-01Z-00-DX1.C9656600-F823-4044-972B-7059B39FC539 0 10.0 1.0
TCGA-AN-A0FY-01Z-00-DX1.25F5E2A1-F92C-4FE1-BD90-0CDDE50DC066 0 10.0 1.0
TCGA-AN-A0FZ-01Z-00-DX1.9555AF11-3A0D-4FE3-AE91-09DA77B175CA 0 10.0 1.0
TCGA-AN-A0G0-01Z-00-DX1.BE0BB5DF-DEDA-48D8-B5D8-2735C767F28F 0 16.0 1.0
TCGA-AN-A0XL-01Z-00-DX1.E90AA056-51DC-4A6B-96EB-A0B707496912 0 163.0 1.0
TCGA-AN-A0XN-01Z-00-DX1.A8EB9F62-236E-4C59-A206-DF0C7654AC30 0 10.0 1.0
TCGA-AN-A0XO-01Z-00-DX1.204E554E-B1A8-41AD-8E39-62484DF4E3CD 0 375.0 1.0
TCGA-AN-A0XP-01Z-00-DX1.A4EE3970-5C1F-482E-9AED-F1E3C52A776F 0 9.0 1.0
TCGA-AN-A0XS-01Z-00-DX1.B4D4B73E-2912-4B2E-B18A-FBC35F8160D3 0 10.0 1.0
TCGA-AN-A0XT-01Z-00-DX1.882AF4CE-62A1-4808-9B4B-780066E5E602 0 10.0 1.0
TCGA-AN-A0XU-01Z-00-DX1.6B0DD0FF-A20D-4BA2-8D48-FC357BA5313F 0 10.0 1.0
TCGA-AN-A0XW-01Z-00-DX1.811E11E7-FA67-46BB-9BC6-1FD0106B789D 0 170.0 1.0
TCGA-AO-A03L-01Z-00-DX1.DE6561A9-E6B8-4BF0-AAA8-F91C87A66037 3 2442.0 1.0
TCGA-AO-A03M-01Z-00-DX1.9998A9A0-D0A6-48FC-80FB-AE597CB9E8AA 2 1866.0 1.0
TCGA-AO-A03N-01Z-00-DX1.79A8816D-961F-4D79-90B4-341919297A90 2 2031.0 1.0
TCGA-AO-A03O-01Z-00-DX1.054BBC89-69F4-4311-814D-E343472CD2C0 3 2483.0 0.0
TCGA-AO-A03P-01Z-00-DX1.D34DA321-D8E3-4D68-BCE2-4A8B72B3D0AE 3 2911.0 0.0
TCGA-AO-A03R-01Z-00-DX1.DC317201-7F22-4C4A-86A5-ED82C37757C8 2 2091.0 1.0
TCGA-AO-A03T-01Z-00-DX1.8B75E203-6DC8-4AC9-A256-6FCB818DA0DD 2 2124.0 1.0
TCGA-AO-A03U-01Z-00-DX1.AE2B55F3-8BA1-4546-82B7-4D2292BE1C78 2 1793.0 0.0
TCGA-AO-A03V-01Z-00-DX1.52EBCB72-0C65-4E67-B9BB-DA15494327DE 2 1351.0 1.0
TCGA-AO-A0J2-01Z-00-DX1.7C9FEC7B-6040-4C58-9563-D10C0D7AC72E 1 997.0 1.0
TCGA-AO-A0J3-01Z-00-DX1.8F28BFC8-D37E-425F-A9E3-4C23F083237C 0 651.0 1.0
TCGA-AO-A0J4-01Z-00-DX1.2EFC978E-8DF5-4254-9598-C0910B17C5C8 2 1587.0 1.0
TCGA-AO-A0J5-01Z-00-DX1.20C14D0C-1A74-4FE9-A5E6-BDDCB8DE7714 1 792.0 0.0
TCGA-AO-A0J6-01Z-00-DX1.D0C003CE-E112-4375-953D-78404C9D62DA 1 1140.0 1.0
TCGA-AO-A0J7-01Z-00-DX1.DBA7BA24-CEEF-4636-87BB-D12D8DF016A3 0 618.0 1.0
TCGA-AO-A0J8-01Z-00-DX1.9BDD4BDE-2A07-4E0C-B146-87365CA9DE3A 0 680.0 1.0
TCGA-AO-A0J9-01Z-00-DX1.E37C342B-9B6A-4BEE-B064-A82C3579CC66 2 1613.0 1.0
TCGA-AO-A0JA-01Z-00-DX1.E3DDBAAF-6FFA-40BE-83FF-942857CFED5D 0 655.0 1.0
TCGA-AO-A0JB-01Z-00-DX1.250FE098-345B-4981-9236-0519E1C9058E 2 1542.0 1.0
TCGA-AO-A0JC-01Z-00-DX1.C8DD421B-9799-4FE7-9224-5EAC6ED1028E 2 1547.0 1.0
TCGA-AO-A0JD-01Z-00-DX1.52E3DCE8-32E3-45C0-AB54-7FA0A2F3F722 2 2190.0 1.0
TCGA-AO-A0JE-01Z-00-DX1.82D33053-E305-47D8-9B02-B55511EBB06D 2 2335.0 1.0
TCGA-AO-A0JF-01Z-00-DX1.3277D13C-F257-4D4C-AB5C-BEBA2E1A63D8 2 1980.0 1.0
TCGA-AO-A0JG-01Z-00-DX1.FA785D56-B4FF-4CC3-A631-5C748E8E0558 1 798.0 1.0
TCGA-AO-A0JI-01Z-00-DX1.4DCDA545-B7E3-49DF-AB10-963E84BEB105 2 1528.0 1.0
TCGA-AO-A0JJ-01Z-00-DX1.D5B636F5-1B47-4033-9938-9DC8CD48CEE9 2 1887.0 1.0
TCGA-AO-A0JL-01Z-00-DX1.473CC200-221A-4777-B19E-ADC41D10FC94 2 1683.0 1.0
TCGA-AO-A0JM-01Z-00-DX1.94E75EFD-E5F5-4DF8-93A0-ED94CB4D203A 2 2184.0 1.0
TCGA-AO-A124-01Z-00-DX1.E3C7B017-6154-4630-9BDE-0CAC946D0209 3 3506.0 1.0
TCGA-AO-A125-01Z-00-DX1.DFC45CE1-5D81-4C2B-9281-60E2F146DDB6 3 3456.0 1.0
TCGA-AO-A126-01Z-00-DX1.D9D6AA15-32F0-44BD-AF30-36191784FFA2 3 3307.0 1.0
TCGA-AO-A128-01Z-00-DX1.4E6BFFBC-87AD-4ED4-959D-FEB5545400BE 3 3248.0 1.0
TCGA-AO-A129-01Z-00-DX1.BF485416-BF57-4F39-866B-4B1E201876FA 3 3286.0 1.0
TCGA-AO-A12A-01Z-00-DX1.4E9609A7-9AAD-40A8-8344-8369DF998006 3 3112.0 1.0
TCGA-AO-A12B-01Z-00-DX1.B215230B-5FF7-4B0A-9C1E-5F1658534B11 3 2989.0 1.0
TCGA-AO-A12C-01Z-00-DX1.F4105027-FA10-48AF-BA8F-C7A0181C4A1D 3 2372.0 1.0
TCGA-AO-A12D-01Z-00-DX1.BA006BAD-5C6E-4099-BC99-3888E69F506E 3 2515.0 1.0
TCGA-AO-A12E-01Z-00-DX1.F2797928-26EC-4B28-BC50-432EB380624B 2 2142.0 1.0
TCGA-AO-A12F-01Z-00-DX1.847C8E4F-3F37-4B1D-8E6E-ACD14391AD89 2 1842.0 1.0
TCGA-AO-A12G-01Z-00-DX1.1C37E1FE-CF36-4570-A864-3813B8ADBA36 2 1639.0 1.0
TCGA-AO-A12H-01Z-00-DX1.C6CCBD9D-FB41-4F6C-84FB-A43E0A77E696 1 1234.0 1.0
TCGA-AO-A1KO-01Z-00-DX1.EEB5E0A0-92B2-42CD-9F7A-00E9250B561F 0 622.0 1.0
TCGA-AO-A1KP-01Z-00-DX1.612442AB-24E2-489B-9838-7CEE82BCD605 3 2953.0 1.0
TCGA-AO-A1KQ-01Z-00-DX1.CAB7D9A5-7030-4A33-BE51-9B04D67A7676 2 1882.0 1.0
TCGA-AO-A1KR-01Z-00-DX1.BFB2E69B-E23C-4542-9CBF-EDD040B985AC 3 2513.0 1.0
TCGA-AO-A1KS-01Z-00-DX1.349F9BCA-C9F0-43B4-BA6A-D20039E1C720 0 350.0 1.0
TCGA-AO-A1KT-01Z-00-DX1.47878910-4359-4795-B0BB-FAC147C8D932 0 541.0 1.0
TCGA-AQ-A04H-01Z-00-DX1.5AC1E459-EF27-401D-98FD-0AC16559AF17 1 754.0 1.0
TCGA-AQ-A04J-01Z-00-DX1.6A4E16D4-2696-4E5F-BCA8-708556FC3A8C 1 819.0 1.0
TCGA-AQ-A04L-01Z-00-DX1.F35BF4DD-896A-43C2-8DA6-C67945C003BE 3 3957.0 1.0
TCGA-AQ-A0Y5-01Z-00-DX1.f68f5b49-30fa-4fb6-bec6-5da9f6809d02 0 172.0 0.0
TCGA-AQ-A54N-01Z-00-DX1.E53271E9-AFD2-4071-9B1E-CD05F63B8136 0 78.0 1.0
TCGA-AQ-A54O-01Z-00-DX1.85AB0AC4-47BB-4CD8-B7FB-5928108864AC 1 1001.0 1.0
TCGA-AQ-A7U7-01Z-00-DX1.AB5629A1-399E-402B-AD3D-DAF9F97D8300 0 584.0 0.0
TCGA-AR-A0TP-01Z-00-DX1.58E6A3A6-D1D7-4AE5-87A5-E823F04CBB2F 3 4275.0 1.0
TCGA-AR-A0TQ-01Z-00-DX1.2BEA298C-6B3D-4133-ADBC-769E62CEFFA0 3 2991.0 1.0
TCGA-AR-A0TR-01Z-00-DX1.BBCE653F-7DD0-4830-BAD3-C06207A93853 0 160.0 0.0
TCGA-AR-A0TS-01Z-00-DX1.2DB81A2E-16C1-4EE0-8175-65FA46768277 3 2558.0 1.0
TCGA-AR-A0TT-01Z-00-DX1.127C2A4F-62AC-4E83-99DB-13519BD2949D 3 3316.0 1.0
TCGA-AR-A0TU-01Z-00-DX1.2CBBDDAB-C1DD-4205-A555-431542F9C069 0 709.0 1.0
TCGA-AR-A0TV-01Z-00-DX1.29AE9996-E73A-41F8-BCC9-23DEDCA5A7AC 2 2288.0 1.0
TCGA-AR-A0TW-01Z-00-DX1.0C1EAE07-6BA6-4908-89E1-0133F3640174 3 3009.0 1.0
TCGA-AR-A0TX-01Z-00-DX1.5BEA4E65-8CEC-49B2-9F29-DBE53E8ED46E 2 1972.0 1.0
TCGA-AR-A0TY-01Z-00-DX1.089EB6B4-9921-441D-84F3-C64C97AFC3B4 2 1699.0 0.0
TCGA-AR-A0TZ-01Z-00-DX1.2D58BE38-03F6-4310-8E06-F1A523FB0904 3 3262.0 0.0
TCGA-AR-A0U0-01Z-00-DX1.C8BECD9F-68D9-47B1-B31E-C1C6CAE456B6 2 1988.0 1.0
TCGA-AR-A0U1-01Z-00-DX1.276433E7-E841-42D2-AF21-762F2FEA3B9B 3 4052.0 1.0
TCGA-AR-A0U2-01Z-00-DX1.03E2ADD9-F20F-44DA-93D1-D10BBD3844A5 3 2551.0 0.0
TCGA-AR-A0U3-01Z-00-DX1.9BB87F9D-459F-4A18-B591-29822EA5AE18 3 4080.0 1.0
TCGA-AR-A0U4-01Z-00-DX1.DE722DC5-859D-4866-ADCC-ED98EDBFB588 3 3261.0 1.0
TCGA-AR-A1AH-01Z-00-DX1.5D5D7774-77BB-4EA0-9E8E-A8D28F70A575 3 3807.0 1.0
TCGA-AR-A1AI-01Z-00-DX1.5EF2A589-4284-45CF-BF0C-169E3A85530C 3 3296.0 1.0
TCGA-AR-A1AJ-01Z-00-DX1.34B9FCF0-74D8-4328-9B5A-698AD57EDA85 3 3072.0 1.0
TCGA-AR-A1AK-01Z-00-DX1.0AFFA0B5-D1A6-43E9-892A-7CB16A79E5F9 3 3159.0 1.0
TCGA-AR-A1AL-01Z-00-DX1.0970370F-6D4B-449A-AF33-76355DD99F91 3 2971.0 1.0
TCGA-AR-A1AM-01Z-00-DX1.B3F006D9-9386-41E5-B0B1-B0832EE104A0 3 2991.0 1.0
TCGA-AR-A1AN-01Z-00-DX1.1118F9FE-6DF2-4496-B102-D3A10D332EC0 3 2920.0 1.0
TCGA-AR-A1AO-01Z-00-DX1.244DEE5B-0896-452F-A14D-E290260A9D8F 3 2618.0 1.0
TCGA-AR-A1AP-01Z-00-DX1.F163EED5-0385-41AA-BA35-54E4910CD99E 3 2856.0 1.0
TCGA-AR-A1AQ-01Z-00-DX1.09D5D7FC-0FA8-4176-94B2-995F44D8ED4C 3 3021.0 1.0
TCGA-AR-A1AR-01Z-00-DX1.E7B7F6F0-9CC0-4D4F-8C9F-443A74D2BE40 0 524.0 0.0
TCGA-AR-A1AS-01Z-00-DX1.72979519-0A90-42AD-9F23-1991F75C8CE7 1 1150.0 1.0
TCGA-AR-A1AT-01Z-00-DX1.6ED69002-2CC1-4AD4-9573-B245D7C2D060 1 1272.0 0.0
TCGA-AR-A1AU-01Z-00-DX1.F06647D1-E5A3-46FE-8537-01A10A08A4EC 3 2868.0 1.0
TCGA-AR-A1AV-01Z-00-DX1.93698893-7C5C-44C1-A488-ED358D523693 2 1864.0 1.0
TCGA-AR-A1AW-01Z-00-DX1.E527CA46-D83F-4055-8C7E-AEFEF13C1E29 3 2632.0 1.0
TCGA-AR-A1AX-01Z-00-DX1.2389D54F-545E-499E-B392-DD731834460A 3 2629.0 1.0
TCGA-AR-A1AY-01Z-00-DX1.6AC0BE3B-FFC5-4EDA-9E40-B18CAAC52B81 1 1026.0 1.0
TCGA-AR-A24H-01Z-00-DX1.5CFC7E16-3F38-4531-968C-A4E4C9D00659 3 4894.0 1.0
TCGA-AR-A24K-01Z-00-DX1.3A56BAEC-484E-4F9B-BCB4-360ABF6DDB4B 2 1548.0 1.0
TCGA-AR-A24L-01Z-00-DX1.218A0AE1-D070-4A16-A277-31185F10724D 3 2866.0 0.0
TCGA-AR-A24M-01Z-00-DX1.D81F1BDF-00DD-42A3-AFFE-55655A877213 3 3660.0 1.0
TCGA-AR-A24N-01Z-00-DX1.563E9160-9E09-4E3F-8CE9-FFED0AA52927 3 3035.0 1.0
TCGA-AR-A24O-01Z-00-DX1.04EFBAC8-7A4A-4005-890C-5CC3E1C67DBD 3 3607.0 1.0
TCGA-AR-A24P-01Z-00-DX1.08BE8830-C55E-4E2B-9378-371A670C75FD 0 84.0 1.0
TCGA-AR-A24Q-01Z-00-DX1.69DC7E35-DC0D-4F20-88DA-04C25F28628C 3 3172.0 1.0
TCGA-AR-A24R-01Z-00-DX1.47D79205-63E7-43E6-A513-2CD10DFA53C9 3 3430.0 1.0
TCGA-AR-A24S-01Z-00-DX1.317C3B19-0D0F-4315-AC2D-C741F09DD775 3 2976.0 1.0
TCGA-AR-A24T-01Z-00-DX1.3B325D54-38EC-4E16-BDE1-628894CC15AA 3 3202.0 1.0
TCGA-AR-A24U-01Z-00-DX1.220FD0D0-0DB6-4E3C-92A0-66CD6509F0AD 3 3128.0 1.0
TCGA-AR-A24V-01Z-00-DX1.E749C2FE-E26B-4306-80B4-8269EEB23270 3 3203.0 1.0
TCGA-AR-A24W-01Z-00-DX1.0663B4A3-6475-4981-91F0-20D2C79CBF89 2 1550.0 1.0
TCGA-AR-A24X-01Z-00-DX1.304BF142-B01A-4AE9-B98C-FB3DE3BEAE57 3 3004.0 1.0
TCGA-AR-A24Z-01Z-00-DX1.C88AFF18-A8E4-426A-BEA3-70566DE39C46 3 3001.0 1.0
TCGA-AR-A250-01Z-00-DX1.572A2F73-6BF5-4932-BFEF-4B8904755ACF 3 2707.0 1.0
TCGA-AR-A251-01Z-00-DX1.E91E357A-3AD4-4F79-A698-05F0B21A37EC 3 3030.0 1.0
TCGA-AR-A252-01Z-00-DX1.2E7EE069-A0B8-489B-A2F0-3175FB58F468 3 2838.0 1.0
TCGA-AR-A254-01Z-00-DX1.EA5CD008-1106-41EC-998A-04EF08EEEC9D 3 2605.0 1.0
TCGA-AR-A255-01Z-00-DX1.E67C081D-50C9-451C-814B-F097B2671300 2 2161.0 1.0
TCGA-AR-A256-01Z-00-DX1.950D4546-4BF4-4380-9877-51D86A93D755 3 2854.0 0.0
TCGA-AR-A2LE-01Z-00-DX1.E8E1FC5C-9A4A-463F-81D7-E9A8AF43EAD9 3 5062.0 1.0
TCGA-AR-A2LH-01Z-00-DX1.40D4FD67-FB13-46D9-A202-56A5791EA11C 0 616.0 0.0
TCGA-AR-A2LJ-01Z-00-DX1.9D6257FA-2767-4640-9252-9BE18BD9D158 3 2632.0 1.0
TCGA-AR-A2LK-01Z-00-DX1.FBD59C38-CD4E-4C22-BC74-A57C192A9BBC 2 1649.0 0.0
TCGA-AR-A2LL-01Z-00-DX1.F0AF890C-2B34-4758-A929-58AAFF593EC5 2 2012.0 1.0
TCGA-AR-A2LM-01Z-00-DX1.CB64A062-2E35-41F9-97C7-07BB60754799 2 1935.0 1.0
TCGA-AR-A2LN-01Z-00-DX1.3EF43524-28B8-4326-9356-6BCBC63A1DA8 1 1161.0 1.0
TCGA-AR-A2LO-01Z-00-DX1.A8C81E1E-B224-4CF4-83D4-FFB2F51A7002 1 1198.0 1.0
TCGA-AR-A2LQ-01Z-00-DX1.2F579E62-69A8-40F4-A516-542C7C808628 1 1233.0 1.0
TCGA-AR-A2LR-01Z-00-DX1.C686A7D6-0361-49EE-B6CA-672B3086243C 2 1742.0 1.0
TCGA-AR-A5QM-01Z-00-DX1.A9017CED-FF57-4090-95B9-94DC91854347 2 2231.0 1.0
TCGA-AR-A5QN-01Z-00-DX1.BF92AA24-3D44-4FFA-BCC0-CDB934EC3BBC 1 1013.0 1.0
TCGA-AR-A5QP-01Z-00-DX1.256FDB13-1F81-42DA-AF6E-8A94835550C1 1 1185.0 1.0
TCGA-AR-A5QQ-01Z-00-DX1.4185D6D2-498E-4E71-8CB3-EDB4739C6229 0 322.0 0.0
TCGA-BH-A0AU-01Z-00-DX1.E852F218-B15C-4CF8-8FD0-F284043834C4 2 1914.0 1.0
TCGA-BH-A0AV-01Z-00-DX1.5A686DA4-A29D-4BA7-9BCA-B707F8755E83 2 1820.0 1.0
TCGA-BH-A0AW-01Z-00-DX1.9D50A0D2-B103-411C-831E-8520C3D50173 0 622.0 1.0
TCGA-BH-A0AY-01Z-00-DX1.A1153465-D9B3-4D83-BE85-F2524B071EE5 1 777.0 1.0
TCGA-BH-A0AZ-01Z-00-DX1.E20051E8-DEEF-48E5-B519-40777DDBC96B 2 1919.0 1.0
TCGA-BH-A0B0-01Z-00-DX1.316D35DB-7F13-4AE5-82A7-5716D2519669 3 2477.0 1.0
TCGA-BH-A0B1-01Z-00-DX1.CC60D284-04FB-4B73-90AA-FCE9185DADB6 1 1148.0 1.0
TCGA-BH-A0B3-01Z-00-DX1.90CB0ED5-FBB7-4ABF-93A0-DD88D60D3D55 1 1203.0 1.0
TCGA-BH-A0B4-01Z-00-DX1.A2CB0BF4-32F9-48FD-9B96-A744013BADDB 1 1191.0 1.0
TCGA-BH-A0B5-01Z-00-DX1.742DB0E8-8EB1-47C8-B698-8E2438FB6299 2 2136.0 1.0
TCGA-BH-A0B6-01Z-00-DX1.4D982935-F600-4F37-ABB5-13AF74F4FDC4 3 2483.0 1.0
TCGA-BH-A0B7-01Z-00-DX1.6950CDDF-8A81-4B10-BFFF-BE0E33A2C6CC 3 2559.0 1.0
TCGA-BH-A0B8-01Z-00-DX1.380ABAE9-EA83-4E9B-BFB2-6476A86C1ADD 2 1569.0 1.0
TCGA-BH-A0B9-01Z-00-DX1.C23ADB4C-52D4-4DFD-B8E3-156E43F0E645 2 1572.0 1.0
TCGA-BH-A0BA-01Z-00-DX1.579E11C9-437C-4D49-8811-DD94D8454712 1 1132.0 1.0
TCGA-BH-A0BC-01Z-00-DX1.7A91831D-9625-49FC-B783-C633F80F898C 1 974.0 1.0
TCGA-BH-A0BD-01Z-00-DX1.CD4A6FC2-BA8C-4E30-972A-E6CD1BEAD8AD 0 554.0 1.0
TCGA-BH-A0BF-01Z-00-DX1.934DF984-9054-4B20-B85B-9CF94B8DC3D4 2 1324.0 0.0
TCGA-BH-A0BG-01Z-00-DX1.0838FB7F-8C85-4687-9F70-D136A1063383 2 1871.0 1.0
TCGA-BH-A0BJ-01Z-00-DX1.77BE9A20-3D23-4650-843A-0483BF9DD07B 0 660.0 1.0
TCGA-BH-A0BL-01Z-00-DX1.D5A413B0-2141-4A6F-A671-6C5EA8641D25 2 2278.0 1.0
TCGA-BH-A0BM-01Z-00-DX1.8BD324F2-60F5-4F59-AF2D-533A5FB230BF 2 1876.0 1.0
TCGA-BH-A0BO-01Z-00-DX1.1A704471-FEB3-40F9-9838-3E347A18285F 2 2197.0 1.0
TCGA-BH-A0BP-01Z-00-DX1.63A87C1D-87FA-494D-9836-74290B5DC30D 2 2296.0 0.0
TCGA-BH-A0BQ-01Z-00-DX1.F5C6386B-BB2C-49DF-B3B8-6C4B80D060D4 2 2255.0 1.0
TCGA-BH-A0BR-01Z-00-DX1.F7912887-8AE9-4391-9B83-9AC7B4FF38EF 2 2330.0 1.0
TCGA-BH-A0BS-01Z-00-DX1.FEE32127-4D0B-4560-A39C-4EAA5B189B70 3 2612.0 1.0
TCGA-BH-A0BT-01Z-00-DX1.9087B9E7-C0CD-4179-AF57-AD9255785169 2 2365.0 1.0
TCGA-BH-A0BV-01Z-00-DX1.3C9CD4F7-A001-430D-AA8D-80CAD61C344E 2 1519.0 1.0
TCGA-BH-A0BW-01Z-00-DX1.39B0C363-46A2-4FFB-B1C5-C054A86F4A25 3 2371.0 1.0
TCGA-BH-A0BZ-01Z-00-DX1.45EB3E93-A871-49C6-9EAE-90D98AE01913 2 2255.0 1.0
TCGA-BH-A0C0-01Z-00-DX1.2D32D35A-EB7E-4D0E-BE5F-E56F7B930463 1 1270.0 1.0
TCGA-BH-A0C1-01Z-00-DX1.21FE357E-B182-4397-BFEF-7E96E994236A 2 1411.0 0.0
TCGA-BH-A0C3-01Z-00-DX1.14D3210D-0CBE-4DCA-A986-A26AE5382502 3 2709.0 1.0
TCGA-BH-A0C7-01Z-00-DX1.C70D358E-C48F-4F69-86CE-3218E9C95837 3 2767.0 1.0
TCGA-BH-A0DD-01Z-00-DX1.2242DD1F-0B7C-4B43-A7A9-8130D2BDEE78 3 2486.0 1.0
TCGA-BH-A0DE-01Z-00-DX1.64A0340A-8146-48E8-AAF7-4035988B9152 3 2372.0 1.0
TCGA-BH-A0DG-01Z-00-DX1.D3C4F57F-608F-46AA-A978-B558117C9DFB 2 2041.0 1.0
TCGA-BH-A0DH-01Z-00-DX1.968AA1FD-068C-4B90-8C95-85BF2EFC3E3F 1 1156.0 1.0
TCGA-BH-A0DI-01Z-00-DX1.6A42D535-8842-4C36-8299-A40E9E56759D 1 912.0 1.0
TCGA-BH-A0DK-01Z-00-DX1.0CFED53C-BAD9-4E35-B12F-57E64F3FEF1C 0 423.0 1.0
TCGA-BH-A0DL-01Z-00-DX1.553F0021-1FC2-4675-810D-BBD9785D065E 3 2381.0 1.0
TCGA-BH-A0DO-01Z-00-DX1.1684557E-A5D4-4828-B2D5-FA899993A019 2 1644.0 1.0
TCGA-BH-A0DP-01Z-00-DX1.5550557D-4E5B-4B57-8C1E-9290A7AA32A9 0 476.0 1.0
TCGA-BH-A0DQ-01Z-00-DX1.5A98747C-52D9-45AD-BC84-934A96F069EB 0 98.0 1.0
TCGA-BH-A0DS-01Z-00-DX1.38E82A1F-21B9-4B97-A304-15B886EA68A0 0 78.0 1.0
TCGA-BH-A0DT-01Z-00-DX1.73AFCEBB-06B1-4870-ADA2-881511B1BE2D 3 2403.0 1.0
TCGA-BH-A0DV-01Z-00-DX1.2F0B5FB3-40F0-4D27-BFAC-390FB9A42B39 2 2064.0 1.0
TCGA-BH-A0DX-01Z-00-DX1.45C27E71-9A0A-400E-93A9-5CE7780F3C5E 2 2156.0 1.0
TCGA-BH-A0DZ-01Z-00-DX1.138BAEC2-589E-4960-B94E-DF48DDAA5490 0 495.0 1.0
TCGA-BH-A0E0-01Z-00-DX1.01E88024-83DF-4282-ABAF-F4E35807DA06 0 134.0 1.0
TCGA-BH-A0E1-01Z-00-DX1.257EB36A-1008-4890-927B-204EF05DBE90 0 477.0 1.0
TCGA-BH-A0E2-01Z-00-DX1.5F6FA19C-D59F-45BE-80CE-F738CAB1EF0B 0 435.0 1.0
TCGA-BH-A0E6-01Z-00-DX1.44DFEFB4-FA05-4246-8D6B-55BA8C3275DB 0 293.0 1.0
TCGA-BH-A0E7-01Z-00-DX1.7FEE54C4-3795-403C-85B9-FF932BE56788 2 1363.0 1.0
TCGA-BH-A0E9-01Z-00-DX1.5FC4A5E1-3984-4869-9FFB-C0C7F9EAF5FE 3 2489.0 1.0
TCGA-BH-A0EA-01Z-00-DX1.85FF2B48-2AF7-4C15-A7E6-FCA68CAB76C7 1 991.0 0.0
TCGA-BH-A0EB-01Z-00-DX1.70D7BBA0-214D-4D1A-933C-7CFCDA5416A3 1 745.0 1.0
TCGA-BH-A0EE-01Z-00-DX1.872EA586-25C8-4835-A138-152DFA1EBF30 1 943.0 1.0
TCGA-BH-A0EI-01Z-00-DX1.929E126A-C9F8-4240-BF00-B6C4A57B7FF6 2 1926.0 1.0
TCGA-BH-A0GY-01Z-00-DX1.E1AEAA36-94FA-41ED-851F-7BB11DD3C06D 1 923.0 1.0
TCGA-BH-A0GZ-01Z-00-DX1.9AD4F493-A0A9-499D-B667-B33333FC1A51 0 328.0 1.0
TCGA-BH-A0H0-01Z-00-DX1.B3B394DD-1F4E-42CA-BB51-C002E423B3D0 0 461.0 1.0
TCGA-BH-A0H3-01Z-00-DX1.C6D4DFB9-A4FA-40B2-90EF-75294CBC4523 2 1928.0 1.0
TCGA-BH-A0H5-01Z-00-DX1.28F24D4D-EE80-4EDA-BC30-A194E22FD61C 2 1620.0 1.0
TCGA-BH-A0H6-01Z-00-DX1.0CF7253A-B42C-4778-B1C6-17EC78A039ED 1 747.0 1.0
TCGA-BH-A0H7-01Z-00-DX1.21502FEA-DB37-4630-BA42-778DDF3A6D17 0 702.0 1.0
TCGA-BH-A0H9-01Z-00-DX1.8AE869C6-5C78-4D52-AC8B-5B6FD5FD91AA 1 1247.0 1.0
TCGA-BH-A0HA-01Z-00-DX1.5A2F5C86-E1E7-445D-A4E3-29980FA37708 2 1611.0 1.0
TCGA-BH-A0HB-01Z-00-DX1.F90F7139-B804-4548-9FAF-9B475BF225EB 1 806.0 1.0
TCGA-BH-A0HF-01Z-00-DX1.1EB2F7CE-54F4-4E41-A3CF-78209770B7CE 0 727.0 1.0
TCGA-BH-A0HI-01Z-00-DX1.89DB9F79-0DCC-4C65-831E-96AE026C2C4E 0 620.0 1.0
TCGA-BH-A0HK-01Z-00-DX1.019036F5-647A-4EC4-8479-F2C100291AEF 0 178.0 1.0
TCGA-BH-A0HL-01Z-00-DX1.972DE96D-51F4-4A2D-B074-8D965023DC01 0 72.0 1.0
TCGA-BH-A0HN-01Z-00-DX1.4997F641-C593-41F6-82ED-6A0E4EFA55F3 0 516.0 1.0
TCGA-BH-A0HO-01Z-00-DX1.D3D66547-F5D4-40F5-B737-2FECEEB35ACB 0 76.0 1.0
TCGA-BH-A0HP-01Z-00-DX1.F1FF6E88-B2D1-40AA-8373-1714D82E666F 0 414.0 1.0
TCGA-BH-A0HQ-01Z-00-DX1.0921FCEF-20A2-4D4B-A198-91AF9F6C814C 1 1121.0 1.0
TCGA-BH-A0HU-01Z-00-DX1.73B38904-E4F8-4F45-BD75-A27EC833B6DE 0 392.0 1.0
TCGA-BH-A0HW-01Z-00-DX1.44DCCE00-133F-4469-A4DA-5057C011B4AC 2 1561.0 1.0
TCGA-BH-A0HX-01Z-00-DX1.44EBA39E-383D-4820-915E-4E5FDA1D43DA 1 829.0 1.0
TCGA-BH-A0HY-01Z-00-DX1.D7A1BF42-F268-4220-B71B-354CE2AF32D8 2 1545.0 1.0
TCGA-BH-A0RX-01Z-00-DX1.B4ABAFB9-6696-4F22-9468-DA56E1AD32D3 0 170.0 1.0
TCGA-BH-A0W3-01Z-00-DX1.38DCA2B7-1A54-4FFA-BABA-29F80974BB17 0 728.0 1.0
TCGA-BH-A0W4-01Z-00-DX1.23E017DC-15CB-4838-AC91-CFB11B932AB0 1 759.0 1.0
TCGA-BH-A0W5-01Z-00-DX1.84EA3913-667B-4694-A0F0-E629CAC615C8 2 1288.0 1.0
TCGA-BH-A0W7-01Z-00-DX1.93F11232-A1FB-4682-B744-3531D4DF11AF 2 1363.0 1.0
TCGA-BH-A0WA-01Z-00-DX1.C0EB7B73-5529-49EC-B660-3F849B041963 0 701.0 1.0
TCGA-BH-A18F-01Z-00-DX1.81A81589-2D77-4CD6-BD34-76E292AA031D 1 1001.0 1.0
TCGA-BH-A18G-01Z-00-DX1.DB2B5819-CE83-4E07-BD03-2CD9CF2E246C 0 149.0 1.0
TCGA-BH-A18H-01Z-00-DX1.4EC9108F-04C2-4B28-BD74-97A414C9A536 0 652.0 1.0
TCGA-BH-A18I-01Z-00-DX1.EE699DE3-EBF4-4AB4-8319-9911F027FA18 1 1093.0 1.0
TCGA-BH-A18J-01Z-00-DX1.AE20ADB6-050C-405D-BF17-1EE4A1A4979A 0 612.0 0.0
TCGA-BH-A18L-01Z-00-DX1.01D6E3EF-6857-4CC6-BEA1-0BBC1A0B728F 1 811.0 0.0
TCGA-BH-A18M-01Z-00-DX1.56E6935A-62CB-4CBE-BDCA-60DA56422CE0 2 2207.0 0.0
TCGA-BH-A18N-01Z-00-DX1.FE0E24A1-8AE9-4021-B9C7-B408EE0DE329 1 1148.0 0.0
TCGA-BH-A18P-01Z-00-DX1.C66642D3-BE44-4D65-B4AE-C1C3D959D22C 1 921.0 0.0
TCGA-BH-A18Q-01Z-00-DX1.E89E49C7-D62A-4408-A3D9-19E79FCB249E 2 1692.0 0.0
TCGA-BH-A18R-01Z-00-DX1.07E6FA7F-5072-4327-9982-A40F010B7532 1 1142.0 0.0
TCGA-BH-A18S-01Z-00-DX1.B36FC684-0010-4ABB-9E25-303C8DF1C4E2 2 2009.0 0.0
TCGA-BH-A18T-01Z-00-DX1.90123A74-F631-4538-AB2E-4076486ADF88 0 224.0 0.0
TCGA-BH-A18U-01Z-00-DX1.63940315-59BC-462B-87A8-2BBB33C9503E 2 1563.0 0.0
TCGA-BH-A18V-01Z-00-DX1.7797760A-05CD-436E-97DA-31D6201F943B 2 1556.0 0.0
TCGA-BH-A1EN-01Z-00-DX1.F535657F-E2FA-4283-87AE-7DAB663B196B 2 2127.0 0.0
TCGA-BH-A1EO-01Z-00-DX1.0E624888-D7E4-48DF-B51A-9AD8F75A66B7 3 2798.0 0.0
TCGA-BH-A1ES-01Z-00-DX1.C54C809F-748F-4BB0-B018-A8A83A4134C0 3 3462.0 0.0
TCGA-BH-A1ET-01Z-00-DX1.05C126CD-CC10-44BF-9A68-6CDDE97272B2 3 2520.0 0.0
TCGA-BH-A1EU-01Z-00-DX1.5A0956EF-0100-47FD-9026-1994CF22D0F1 2 1286.0 0.0
TCGA-BH-A1EV-01Z-00-DX1.106CF220-1D7D-40DD-88B2-A7F00B758F8F 0 365.0 0.0
TCGA-BH-A1EW-01Z-00-DX1.A6A5F9C5-FB97-4DA3-A1EA-1F84BC006681 2 1694.0 0.0
TCGA-BH-A1EX-01Z-00-DX1.16B6A817-6729-446E-9FCF-A4A333C5295D 2 1508.0 0.0
TCGA-BH-A1EY-01Z-00-DX1.25C3DE1F-C702-4959-8DFA-69EF78AD9307 0 538.0 0.0
TCGA-BH-A1F0-01Z-00-DX1.E1557A67-230A-4337-AEC8-158258A917FF 1 785.0 0.0
TCGA-BH-A1F2-01Z-00-DX1.17E2FD6F-0DCF-425B-864B-21ADCDAE734B 1 959.0 0.0
TCGA-BH-A1F5-01Z-00-DX1.9A1AA3BB-80B1-473D-B075-8D65A94C4E0B 3 2712.0 0.0
TCGA-BH-A1F6-01Z-00-DX1.E83F0DC0-EA2C-4641-81B0-8702B9C5D579 3 2965.0 0.0
TCGA-BH-A1F8-01Z-00-DX1.8BB026F7-35CB-483F-B665-4C3A3EF47E1B 1 763.0 0.0
TCGA-BH-A1FB-01Z-00-DX1.9D778D1A-07F6-450D-B7AA-0E17B4D0A88C 3 3669.0 0.0
TCGA-BH-A1FC-01Z-00-DX1.B816A21B-1559-42F5-902A-A1532E59C015 3 3472.0 0.0
TCGA-BH-A1FE-01Z-00-DX1.8FB57ECF-350B-44E4-8612-63E8374D3C4B 2 2273.0 0.0
TCGA-BH-A1FG-01Z-00-DX1.DA665FB6-9DD9-4B18-A925-2EFD9BC4C43B 3 3736.0 0.0
TCGA-BH-A1FH-01Z-00-DX1.F90A691F-B6DB-4C4A-9975-9A2CB01F29E2 1 1034.0 0.0
TCGA-BH-A1FJ-01Z-00-DX1.BCED4CEF-2B33-45BA-ABC7-29BEE818F4A3 2 1927.0 0.0
TCGA-BH-A1FL-01Z-00-DX1.D3E9F46E-9A28-4AAE-8C87-D6F1851227A3 2 1673.0 0.0
TCGA-BH-A1FM-01Z-00-DX1.860C5169-FE2B-43A6-A13D-E736374303DD 2 1388.0 0.0
TCGA-BH-A1FN-01Z-00-DX1.CEE3C59B-6CF0-4D41-8334-6067BB5A8BF7 2 2192.0 0.0
TCGA-BH-A1FR-01Z-00-DX1.03E51FCD-DDF2-4924-827D-85A02280C9C7 2 1642.0 0.0
TCGA-BH-A1FU-01Z-00-DX1.3D195750-8C9E-48C6-92EC-44AC6AB56267 2 1688.0 0.0
TCGA-BH-A201-01Z-00-DX1.6D6E3224-50A0-45A2-B231-EEF27CA7EFD2 1 856.0 1.0
TCGA-BH-A202-01Z-00-DX1.8CECDB74-5E6F-4CE8-B52C-A89E574F38FB 1 795.0 1.0
TCGA-BH-A203-01Z-00-DX1.FAE40A13-0C4A-415F-9396-01041FF6B855 1 1174.0 0.0
TCGA-BH-A204-01Z-00-DX1.9DCE8242-E862-45AB-9452-D7299110973F 3 2534.0 0.0
TCGA-BH-A208-01Z-00-DX1.C7A2885D-0535-4506-B06E-82BC62D6DFE9 2 1759.0 0.0
TCGA-BH-A209-01Z-00-DX1.88B11AEB-11FA-4D23-BC21-378EF177E04B 3 3959.0 0.0
TCGA-BH-A28O-01Z-00-DX1.B37603E3-BC80-4DDA-B44D-B5F794E3398E 1 1120.0 1.0
TCGA-BH-A28Q-01Z-00-DX1.C6D1CA93-6B2A-4722-9270-5D56592D833D 1 1119.0 1.0
TCGA-BH-A2L8-01Z-00-DX1.ACA51CA9-3C38-48A6-B4A9-C12FFAB9AB56 0 612.0 1.0
TCGA-BH-A42T-01Z-00-DX1.6E4609B9-BE7E-4CA9-A1C0-A77A7DEFBB2B 0 320.0 0.0
TCGA-BH-A42U-01Z-00-DX1.130D060A-3DD8-407E-B8B0-EBBF743491AE 3 3364.0 1.0
TCGA-BH-A42V-01Z-00-DX1.B6D78256-05D1-45FA-826A-1B8554D60B7D 0 635.0 1.0
TCGA-BH-A5IZ-01Z-00-DX1.6C871030-82E1-463E-A67B-976A5F3DCDB2 0 567.0 1.0
TCGA-BH-A5J0-01Z-00-DX1.73CFBC85-8449-48FF-86F8-D4D49A90498B 0 715.0 1.0
TCGA-D8-A13Y-01Z-00-DX1.02321E77-A11E-41A5-95FE-BB897EA5CE58 2 1728.0 1.0
TCGA-D8-A13Y-01Z-00-DX2.0043D2BB-B04D-4A44-AAB1-1CAAD97AC246 2 1728.0 1.0
TCGA-D8-A13Z-01Z-00-DX1.517140BB-D34C-42F8-952C-340EF16D382F 0 635.0 1.0
TCGA-D8-A140-01Z-00-DX1.5B9382C0-332C-4FBF-82CD-B9453D02B815 0 403.0 1.0
TCGA-D8-A140-01Z-00-DX2.0C0A62BB-1FB8-47D8-8FAF-112D221F18BE 0 403.0 1.0
TCGA-D8-A141-01Z-00-DX1.10F6EEB2-C920-43FF-B5A7-B5A651CBDBE3 0 626.0 1.0
TCGA-D8-A141-01Z-00-DX2.DBD0D81E-28FC-4466-BDE3-94753BD6CBEB 0 626.0 1.0
TCGA-D8-A142-01Z-00-DX1.F6D58989-9120-40C9-918D-6B1650C1A8E8 0 425.0 1.0
TCGA-D8-A143-01Z-00-DX1.4697FB2F-91D5-4506-AF23-7DE304D44A3F 0 431.0 1.0
TCGA-D8-A145-01Z-00-DX1.34D4EC27-7FD7-4BE2-95A4-CA521CB5590E 0 410.0 1.0
TCGA-D8-A145-01Z-00-DX2.B834BF47-1CD6-45EA-BB88-D8ECE1FDDC6A 0 410.0 1.0
TCGA-D8-A146-01Z-00-DX1.D93FB315-E5D7-49BA-8380-38B16B70361B 0 643.0 1.0
TCGA-D8-A147-01Z-00-DX1.159094F2-BB78-4910-B7AE-3D7CAAB1DAD9 0 584.0 1.0
TCGA-D8-A1J8-01Z-00-DX2.5DCB3447-548D-442C-86B1-CEF79B8689DF 0 431.0 1.0
TCGA-D8-A1J8-01Z-00-DX1.EADAB43A-87C6-47FA-9120-25B69E23366D 0 431.0 1.0
TCGA-D8-A1J9-01Z-00-DX2.E1C59487-9563-4501-845F-2067A0C5C59B 0 532.0 1.0
TCGA-D8-A1J9-01Z-00-DX1.F81FA9EF-8129-4E17-A9AD-2B850782CC18 0 532.0 1.0
TCGA-D8-A1JA-01Z-00-DX1.BD43F94A-D5A8-490E-AED4-5F3AB24080FA 0 502.0 1.0
TCGA-D8-A1JB-01Z-00-DX1.6CF48257-066C-4B8C-91AA-30A6B4AD4307 2 1688.0 1.0
TCGA-D8-A1JC-01Z-00-DX1.16D32FE8-4D76-4EEC-9739-D394087605BC 0 480.0 1.0
TCGA-D8-A1JC-01Z-00-DX2.854ABF5D-40F1-48AE-802F-97D75497F1FD 0 480.0 1.0
TCGA-D8-A1JD-01Z-00-DX1.6D215B14-DD90-4635-8645-AF06EBD9BA3F 0 552.0 1.0
TCGA-D8-A1JD-01Z-00-DX2.C6A7667E-25C9-48BD-A4E7-F4BB740FE589 0 552.0 1.0
TCGA-D8-A1JE-01Z-00-DX2.CCF3DFEF-E851-425A-BCD0-0F7B377A00BC 0 575.0 1.0
TCGA-D8-A1JE-01Z-00-DX1.714805A1-E337-46DA-88D9-6CE4B4E3C2D0 0 575.0 1.0
TCGA-D8-A1JF-01Z-00-DX1.224EDA43-F822-4A88-814A-BA7D4C60F8CC 0 366.0 1.0
TCGA-D8-A1JG-01Z-00-DX1.BA6D5CC7-3A9B-4D17-A86A-B159D345A216 2 1612.0 1.0
TCGA-D8-A1JH-01Z-00-DX1.4A4F2502-612C-421D-9F64-444BF2C85620 0 426.0 1.0
TCGA-D8-A1JI-01Z-00-DX2.E688E270-26C9-43EC-BC26-86BF8B74A31D 0 577.0 1.0
TCGA-D8-A1JI-01Z-00-DX1.9BDB647F-EEAB-4235-BE44-A3815A48CCE0 0 577.0 1.0
TCGA-D8-A1JJ-01Z-00-DX2.7D20F308-7DC6-4367-9459-3AC4C654E7F7 0 611.0 1.0
TCGA-D8-A1JJ-01Z-00-DX1.a986b48f-b295-4d7a-b778-ce829cdf9c38 0 611.0 1.0
TCGA-D8-A1JK-01Z-00-DX1.3190C919-A403-460D-9F6C-D2AB5FD3FD05 0 612.0 1.0
TCGA-D8-A1JL-01Z-00-DX1.FE3F0C6B-F98A-4036-BF9A-25A8CC66B1FD 0 611.0 1.0
TCGA-D8-A1JM-01Z-00-DX1.3CD15BC8-08B3-4BEE-9FD7-A8BEED33268E 0 590.0 1.0
TCGA-D8-A1JN-01Z-00-DX1.3B02989C-CEA0-4EDD-A6DC-21C3A957C640 0 620.0 1.0
TCGA-D8-A1JP-01Z-00-DX1.B02959C4-6AAD-4ACA-9838-61D224D838E4 0 639.0 1.0
TCGA-D8-A1JS-01Z-00-DX1.76C592B0-DC6D-401A-9533-C9FE5B6CA08D 0 371.0 1.0
TCGA-D8-A1JT-01Z-00-DX1.F278C419-E405-4BDA-BA50-BFBA08801168 0 405.0 1.0
TCGA-D8-A1JT-01Z-00-DX2.8DB9BB5B-17F3-4D80-835D-872BA275FD3B 0 405.0 1.0
TCGA-D8-A1JU-01Z-00-DX1.355D93B4-E69E-417C-B3D1-3E1AAF1E02FE 0 447.0 1.0
TCGA-D8-A1X5-01Z-00-DX2.E4D28EE2-9C87-4613-BD2E-89FBEF960DEE 0 565.0 1.0
TCGA-D8-A1X5-01Z-00-DX1.81B10B43-0D99-44D0-A245-D652041B8FEE 0 565.0 1.0
TCGA-D8-A1X6-01Z-00-DX1.ABF237D4-708C-46A5-AEF8-58712E5DCC04 0 541.0 1.0
TCGA-D8-A1X6-01Z-00-DX2.F36D68F2-70C3-4E0E-ABE6-6969170BA6DC 0 541.0 1.0
TCGA-D8-A1X7-01Z-00-DX2.F0631B8C-EB75-4995-8ED7-1A8972BE8997 0 509.0 1.0
TCGA-D8-A1X7-01Z-00-DX1.3529AEED-2827-4D94-9A8B-32F116EE49D5 0 509.0 1.0
TCGA-D8-A1X8-01Z-00-DX1.DDA3866E-C7CC-4650-BE2B-5C9A98A2D531 1 783.0 1.0
TCGA-D8-A1X9-01Z-00-DX1.28CE7849-EEC5-4ABB-A319-A977A1FD3CD1 0 727.0 1.0
TCGA-D8-A1XA-01Z-00-DX1.36A807F0-2D35-4CE3-8A27-CC59181B1A3D 1 839.0 1.0
TCGA-D8-A1XB-01Z-00-DX2.B262C269-F22B-4306-8195-079C0874EF8E 0 552.0 1.0
TCGA-D8-A1XB-01Z-00-DX1.DA8E2FA4-DBBA-4157-8052-B90FB3BB58F1 0 552.0 1.0
TCGA-D8-A1XC-01Z-00-DX1.E7494388-838B-4D35-9CA1-77017CBE77F2 0 377.0 0.0
TCGA-D8-A1XC-01Z-00-DX2.10BA8536-D6AF-460E-9796-EB77FFE3EF5B 0 377.0 0.0
TCGA-D8-A1XD-01Z-00-DX1.E500D561-1F49-4F08-99AE-E8345F21B406 0 522.0 1.0
TCGA-D8-A1XF-01Z-00-DX2.1460E522-5B87-4690-8B6B-3183C5D282D6 0 463.0 1.0
TCGA-D8-A1XF-01Z-00-DX1.8B9AB4A1-DEC5-4587-B022-3077CCD220F9 0 463.0 1.0
TCGA-D8-A1XG-01Z-00-DX1.0A58EF43-B97E-4111-8DC3-2F8D9BDBE7D6 0 448.0 1.0
TCGA-D8-A1XJ-01Z-00-DX1.660DDF8D-6816-4EBE-AF37-6F7A374F4E9E 0 664.0 1.0
TCGA-D8-A1XK-01Z-00-DX1.41EB1BBC-F230-4E3F-8C4E-CE331CAF1935 0 441.0 1.0
TCGA-D8-A1XL-01Z-00-DX1.FDF07020-8F40-4C00-9023-E5F40E0D8A7C 0 606.0 1.0
TCGA-D8-A1XL-01Z-00-DX2.FDE2C80D-5DC4-4743-A180-C5AFC5BB0BE2 0 606.0 1.0
TCGA-D8-A1XM-01Z-00-DX1.5F6A140E-5D20-45F6-B76F-0F98AB27AD08 0 538.0 1.0
TCGA-D8-A1XO-01Z-00-DX1.A9EF6AFF-62B0-4E2D-ABC7-DC06FF473890 2 1682.0 1.0
TCGA-D8-A1XQ-01Z-00-DX1.1A17A5C7-F14B-4AD2-AD5F-D3400D86A366 0 499.0 1.0
TCGA-D8-A1XR-01Z-00-DX2.A103FB8B-4397-4DD4-8587-90A736407484 0 482.0 1.0
TCGA-D8-A1XR-01Z-00-DX1.7F443346-C564-47B6-9736-6944230CAF46 0 482.0 1.0
TCGA-D8-A1XS-01Z-00-DX2.ED8BBDB4-CEA6-4E47-8214-4666F3CC6E44 0 496.0 1.0
TCGA-D8-A1XS-01Z-00-DX1.E5C78E5A-947C-499D-9E95-619FEEC63E69 0 496.0 1.0
TCGA-D8-A1XT-01Z-00-DX1.9E4DEEEB-AB0A-45F6-A69B-65B3E6F22D46 0 506.0 1.0
TCGA-D8-A1XU-01Z-00-DX1.769DBC38-6F0D-425B-A904-79EBA1C119EF 0 395.0 1.0
TCGA-D8-A1XV-01Z-00-DX2.D1988E01-5FDC-4F50-8183-F0CCE74D0CB2 0 461.0 1.0
TCGA-D8-A1XV-01Z-00-DX1.D0D78B02-2A0D-4107-8083-D2FE1D3F1207 0 461.0 1.0
TCGA-D8-A1XW-01Z-00-DX1.10187A1F-086B-4CD9-AC01-ADA2E435CD34 2 1309.0 1.0
TCGA-D8-A1XW-01Z-00-DX2.9849E503-BE3E-417C-ABE8-93A39583DDE0 2 1309.0 1.0
TCGA-D8-A1XY-01Z-00-DX2.33D96E5C-5291-4864-B282-8BACA2043586 0 503.0 1.0
TCGA-D8-A1XY-01Z-00-DX1.AC051FB4-1D51-449B-BF2D-9DDB4382414C 0 503.0 1.0
TCGA-D8-A1XZ-01Z-00-DX2.73D59546-C003-4DED-80D5-866E7055EC79 0 466.0 1.0
TCGA-D8-A1XZ-01Z-00-DX1.8E51A61D-B01C-4A52-8F5D-44D2ABCA46FC 0 466.0 1.0
TCGA-D8-A1Y0-01Z-00-DX2.7C25E941-12A6-46CE-B1A5-488D08E35684 0 472.0 1.0
TCGA-D8-A1Y0-01Z-00-DX1.10F40197-4174-43CC-AAD3-8CB85154FB2D 0 472.0 1.0
TCGA-D8-A1Y1-01Z-00-DX2.B58DC955-F864-4E78-8B1A-8156E2F7D554 0 302.0 0.0
TCGA-D8-A1Y1-01Z-00-DX1.477390C8-2141-4ADD-813E-25220D2A71FC 0 302.0 0.0
TCGA-D8-A1Y2-01Z-00-DX1.77451A0F-00FD-44A9-A0D0-CB7A39CE74CC 0 433.0 1.0
TCGA-D8-A1Y2-01Z-00-DX2.A563ABFE-18DE-4D78-BB66-9CD18D3CBE3A 0 433.0 1.0
TCGA-D8-A1Y3-01Z-00-DX1.8AA5F695-A06C-4DEA-AD71-16254A48B218 0 430.0 1.0
TCGA-D8-A1Y3-01Z-00-DX2.B9BD14AF-52A6-4241-B3B3-03F8F5DFC8DA 0 430.0 1.0
TCGA-D8-A27E-01Z-00-DX1.7950998F-7E23-4C70-A926-1ADAA5A20BED 0 530.0 1.0
TCGA-D8-A27F-01Z-00-DX1.C1A87F27-49F1-46BA-B2E2-A89293F7FD0C 0 488.0 1.0
TCGA-D8-A27G-01Z-00-DX1.04FCF306-67AA-4F56-AE90-44A4F5DD56D4 0 409.0 1.0
TCGA-D8-A27H-01Z-00-DX1.BE9DFDD4-97C5-4327-B1DA-4B34A6F267C5 0 397.0 1.0
TCGA-D8-A27I-01Z-00-DX1.ACAE0048-7AF0-41C9-992B-6ACDABF80B1C 0 439.0 1.0
TCGA-D8-A27K-01Z-00-DX1.25AF7928-046B-45BF-BAD6-F34156203F5A 2 1461.0 1.0
TCGA-D8-A27L-01Z-00-DX1.6572593C-B015-4F9A-8C9B-B634CAA0D3B4 0 499.0 1.0
TCGA-D8-A27M-01Z-00-DX1.3020D223-2400-4A2D-8BFE-08A5B78FE13B 0 410.0 1.0
TCGA-D8-A27N-01Z-00-DX1.85613A4F-1FFB-4091-B925-8E8A7C7A6D95 0 519.0 1.0
TCGA-D8-A27N-01Z-00-DX2.EB803DEC-438B-43A9-B906-FD7C3B9A0138 0 519.0 1.0
TCGA-D8-A27P-01Z-00-DX1.EF426996-D0DC-4418-BEC4-F7CE3C82C869 0 49.0 1.0
TCGA-D8-A27R-01Z-00-DX2.31F47D8F-DFD7-42AE-BBBA-7DBBA12FA97D 0 307.0 1.0
TCGA-D8-A27R-01Z-00-DX1.F6E2FD1C-0666-4788-8D95-A76D15907270 0 307.0 1.0
TCGA-D8-A27T-01Z-00-DX1.1E3A4D57-9CF2-4EBF-B74D-ADD7BD8CBFA5 0 398.0 1.0
TCGA-D8-A27T-01Z-00-DX2.7CCFE3AA-955B-4D77-9EDB-7B36D5A01168 0 398.0 1.0
TCGA-D8-A27V-01Z-00-DX1.F937C53B-0B55-4271-843E-2C28F72CF28E 0 381.0 1.0
TCGA-D8-A27V-01Z-00-DX2.81E4FFDF-7123-4AC3-BE24-A82564A6C34C 0 381.0 1.0
TCGA-D8-A27W-01Z-00-DX1.CE2D4FEA-284C-44AF-A70F-7956D91CCB29 0 373.0 1.0
TCGA-D8-A27W-01Z-00-DX2.4E0D2E4E-5662-4305-8FC2-C651CDDA4998 0 373.0 1.0
TCGA-D8-A3Z5-01Z-00-DX3.BB83C7D4-F795-47E7-9A5C-7DBF0EB7FDAA 1 1015.0 1.0
TCGA-D8-A3Z5-01Z-00-DX1.4DBF937F-623C-4212-8493-ECE3C8F555E3 1 1015.0 1.0
TCGA-D8-A3Z5-01Z-00-DX2.6196B9FF-F09E-4D44-873D-E53BFB2BF4E1 1 1015.0 1.0
TCGA-D8-A3Z6-01Z-00-DX3.66566DB7-661D-4002-90C1-B15BF3425903 0 563.0 1.0
TCGA-D8-A3Z6-01Z-00-DX2.19C6AA07-5D58-46CD-91D0-90DD5CC84022 0 563.0 1.0
TCGA-D8-A3Z6-01Z-00-DX1.4076A770-5901-4325-85C3-AF7B192272F5 0 563.0 1.0
TCGA-D8-A4Z1-01Z-00-DX1.D39D38B5-FC9F-4298-8720-016407DC6591 0 659.0 1.0
TCGA-D8-A73U-01Z-00-DX2.91F571C8-303C-463D-952C-263FAA5097DF 0 492.0 1.0
TCGA-D8-A73U-01Z-00-DX1.6ECEF7C0-00CC-4AC2-87BD-DBFB6E0DC042 0 492.0 1.0
TCGA-D8-A73W-01Z-00-DX2.EBBBBA5A-AB7C-49EC-9F7F-14248C928F3A 0 385.0 0.0
TCGA-D8-A73W-01Z-00-DX1.2A4B8A37-BE62-42C8-A109-800A7970FF0F 0 385.0 0.0
TCGA-D8-A73X-01Z-00-DX2.1ABCCE71-A70C-48C3-924E-2C8F5F71E269 1 767.0 1.0
TCGA-D8-A73X-01Z-00-DX1.5F0DF75C-594C-42DF-BE3F-E00E5E01DCD6 1 767.0 1.0
TCGA-E9-A1N3-01Z-00-DX1.608fb360-17bf-4f85-b090-b8fc867831a3 1 1059.0 1.0
TCGA-E9-A1N4-01Z-00-DX1.71c8d4a5-ec99-4012-9fe2-ddb3349ad5bc 1 1000.0 1.0
TCGA-E9-A1N5-01Z-00-DX1.94DE7B4B-3798-4CC2-8A64-77796A58821A 1 1120.0 1.0
TCGA-E9-A1N6-01Z-00-DX1.C0E8FFDC-2614-4DBF-B51E-4646A3919911 0 678.0 0.0
TCGA-E9-A1N8-01Z-00-DX1.1243AB1C-75A3-4A5E-9674-53992E6DD377 1 1039.0 1.0
TCGA-E9-A1N9-01Z-00-DX1.982C83A6-0E06-47B3-A7C7-1773A2CD1771 1 1101.0 1.0
TCGA-E9-A1NA-01Z-00-DX1.2A2FE8BB-621E-43A2-8449-F8FE730C0487 1 1112.0 1.0
TCGA-E9-A1NC-01Z-00-DX1.20edf036-8ba6-4187-a74c-124fc39f5aa1 1 1203.0 1.0
TCGA-E9-A1ND-01Z-00-DX1.5C2F5250-A3B2-4B97-9E11-56CF3C7CA2DB 1 1266.0 1.0
TCGA-E9-A1NE-01Z-00-DX1.f332124a-cdab-4ab5-82d1-4b8b7f3c9821 1 1088.0 1.0
TCGA-E9-A1NF-01Z-00-DX1.08779060-F710-45CB-A016-56D3C5B745E0 1 1072.0 0.0
TCGA-E9-A1NG-01Z-00-DX1.30d2a611-21ad-4ba0-a03c-31f36ecb83d5 1 786.0 0.0
TCGA-E9-A1NH-01Z-00-DX1.20FF11B7-DAF0-41C2-B7C5-449BA5268EC0 0 576.0 1.0
TCGA-E9-A1NI-01Z-00-DX1.AF90ACEF-EDED-40E6-955B-80ACC49778F9 0 300.0 1.0
TCGA-E9-A1QZ-01Z-00-DX1.CDAECCA9-4F09-491F-A975-B775D47E46F0 1 755.0 1.0
TCGA-E9-A1R0-01Z-00-DX1.187C58EA-132E-4B3C-BAD0-7F59101D5C4D 1 860.0 1.0
TCGA-E9-A1R2-01Z-00-DX1.5529C856-4F4F-4F17-94A2-5CEF94A940EB 1 1063.0 1.0
TCGA-E9-A1R3-01Z-00-DX1.779642c7-b3b0-4ff2-af97-201d4bcfc197 0 78.0 1.0
TCGA-E9-A1R4-01Z-00-DX1.B04D5A22-8CE5-49FD-8510-14444F46894D 0 186.0 1.0
TCGA-E9-A1R5-01Z-00-DX1.b870d5eb-6259-4b49-86e4-569a9e32ecd5 0 92.0 1.0
TCGA-E9-A1R6-01Z-00-DX1.59770592-498A-47EA-AE32-42AC1D8E99BE 0 339.0 1.0
TCGA-E9-A1R7-01Z-00-DX1.af9ff432-440e-44ac-bc33-298f5db9a706 2 1467.0 1.0
TCGA-E9-A1RA-01Z-00-DX1.E1C527C3-EDF2-442A-80FE-3E3AFBC5EF5A 2 1369.0 1.0
TCGA-E9-A1RB-01Z-00-DX1.845074ea-43bc-4752-9dc0-fca72d2ab5de 1 976.0 0.0
TCGA-E9-A1RC-01Z-00-DX1.8e1008da-b17b-4096-a070-f536fe8ce52d 1 1224.0 1.0
TCGA-E9-A1RD-01Z-00-DX1.34083668-cbd2-4610-b857-d50ee9f3e5bd 0 34.0 1.0
TCGA-E9-A1RE-01Z-00-DX1.fd100503-ba95-4af8-8e59-689b2cea145c 2 1419.0 1.0
TCGA-E9-A1RF-01Z-00-DX1.ee37dfd4-1431-4e80-bd7e-3e1f878273e0 0 200.0 1.0
TCGA-E9-A1RG-01Z-00-DX1.044C235A-75AE-4C7D-AC7F-56C8E64354AA 0 647.0 1.0
TCGA-E9-A1RH-01Z-00-DX1.CC9CEDCC-7BF2-4C96-A0F1-C98071DA2CD3 2 1417.0 1.0
TCGA-E9-A1RI-01Z-00-DX1.3259644B-0888-4B18-B16F-397D55167EAD 2 1449.0 1.0
TCGA-E9-A226-01Z-00-DX1.14f1f4c7-4e6e-4574-af20-60d2ab511b2a 1 1048.0 0.0
TCGA-E9-A227-01Z-00-DX1.823062BF-3444-489B-AF91-AAD4ECAA1DC7 1 975.0 1.0
TCGA-E9-A228-01Z-00-DX1.adbeed20-3b14-44fe-a98a-3bf7cecea30a 2 1285.0 1.0
TCGA-E9-A229-01Z-00-DX1.5B448B88-DA0C-44FF-87B3-20649A4A26FE 1 1148.0 1.0
TCGA-E9-A22A-01Z-00-DX1.d986c9eb-2c54-4663-a54b-04c0756db6db 1 1189.0 1.0
TCGA-E9-A22B-01Z-00-DX1.01692f98-bd7c-4b02-990c-53560276baa0 1 1167.0 1.0
TCGA-E9-A22D-01Z-00-DX1.b2867437-0add-4b7d-8002-fb09ed961942 1 1248.0 1.0
TCGA-E9-A22E-01Z-00-DX1.3d5b1ba6-466f-4852-b1fc-bc29ef3be9a2 1 1269.0 1.0
TCGA-E9-A22G-01Z-00-DX1.2b47e321-7910-40ec-ad1c-c4e08ed26334 1 1239.0 1.0
TCGA-E9-A22H-01Z-00-DX1.0ee39fd1-b077-40ea-bd0d-8a3db474fdd5 1 1232.0 1.0
TCGA-E9-A243-01Z-00-DX1.9A3B34E5-25EF-4243-8680-FABF2F1CCDA9 0 612.0 1.0
TCGA-E9-A244-01Z-00-DX1.4FDAA892-9DBF-4E5D-89F3-2A84C8AC8F0A 0 21.0 1.0
TCGA-E9-A247-01Z-00-DX1.3B2DF1CB-054A-44C4-9AD5-D8FA6D386A93 1 1186.0 1.0
TCGA-E9-A248-01Z-00-DX1.C991932F-39D4-4F2C-91C3-CE12B5BAEDB1 0 59.0 1.0
TCGA-E9-A249-01Z-00-DX1.CA244384-FD89-44F6-8F94-A060A4C241CA 0 217.0 1.0
TCGA-E9-A24A-01Z-00-DX1.F0342837-5750-4172-B60D-5F902E2A02FD 1 747.0 1.0
TCGA-E9-A295-01Z-00-DX1.ED6CC024-56E7-45A9-B41F-F84550A899F7 0 375.0 1.0
TCGA-E9-A2JS-01Z-00-DX1.445BA2F8-3A4A-49D2-8D41-4ACFD32F2074 1 904.0 0.0
TCGA-E9-A2JT-01Z-00-DX1.49C2B936-3B1A-4014-8B43-26D483DEF53A 0 288.0 1.0
TCGA-E9-A3HO-01Z-00-DX1.8C897764-4CD4-40DE-9F8B-7F1BE5FF89C7 1 1158.0 1.0
TCGA-E9-A3Q9-01Z-00-DX1.2D0CA5D4-CCE5-4647-BFB3-D5359F53DA83 1 1001.0 1.0
TCGA-E9-A3QA-01Z-00-DX1.9D664AF3-9ABD-4EED-B826-4C4FBFC33F3E 1 918.0 1.0
TCGA-E9-A3X8-01Z-00-DX1.D1532F80-F5F8-47AF-8A1B-B59E345F5D70 1 926.0 1.0
TCGA-E9-A54X-01Z-00-DX1.9BF3DE15-FA5A-459D-9B2E-8EB92F34228D 0 727.0 1.0
TCGA-E9-A54Y-01Z-00-DX1.5FD70369-6514-4E5E-8BEF-65DAC5671E1A 0 725.0 1.0
TCGA-E9-A5FK-01Z-00-DX1.3F002C99-B4CA-4068-A816-EAC370A2E8C4 1 812.0 1.0
TCGA-E9-A5FL-01Z-00-DX1.FB810D6A-303E-45DF-BEF1-D9CE83B4417E 0 24.0 1.0
TCGA-E9-A5UO-01Z-00-DX1.96BFEB0C-86DB-4D3B-9364-C708937219B2 1 785.0 1.0
TCGA-E9-A5UP-01Z-00-DX1.135466CC-601C-48B2-935D-42F8D7C4CDF7 1 803.0 1.0
TCGA-E9-A6HE-01Z-00-DX1.97514DBA-9BC0-4554-9A43-99C48C6B953A 1 847.0 1.0
TCGA-EW-A1IW-01Z-00-DX1.0DE87057-951F-4887-A2D5-485736D66E4E 0 371.0 1.0
TCGA-EW-A1IX-01Z-00-DX1.72AE0E0F-B213-454F-8275-76A7C43FAB86 1 1208.0 1.0
TCGA-EW-A1IY-01Z-00-DX1.3FD00274-C2CD-491A-915B-23FD535A4723 0 258.0 1.0
TCGA-EW-A1IZ-01Z-00-DX1.81D5544E-0A7D-4A92-A3B0-4F22CFB8BBB2 0 554.0 1.0
TCGA-EW-A1J1-01Z-00-DX1.FFC2D5DB-E6D0-4143-A1E7-0A2027846C8C 0 575.0 1.0
TCGA-EW-A1J2-01Z-00-DX1.F1D8E593-2DF4-44C3-873D-FD3C910011E4 0 403.0 1.0
TCGA-EW-A1J3-01Z-00-DX1.F736F6F4-0859-439A-A417-98B520C8D65A 0 504.0 1.0
TCGA-EW-A1J5-01Z-00-DX1.FFE303B1-7F36-4276-B931-C2A6B2CBD1F2 0 477.0 1.0
TCGA-EW-A1J6-01Z-00-DX1.F668E978-13B6-4284-9522-37C65C57A21A 1 875.0 1.0
TCGA-EW-A1OV-01Z-00-DX1.93698123-5B34-4163-848B-2D75A5F7B001 1 789.0 1.0
TCGA-EW-A1OW-01Z-00-DX1.97888686-EBB6-4B13-AB5D-452F475E865B 0 694.0 1.0
TCGA-EW-A1OX-01Z-00-DX1.9B19CBEE-E592-4A4D-839F-CECDCA20F4B1 1 911.0 1.0
TCGA-EW-A1OY-01Z-00-DX1.42AF5C9A-A90F-4A58-B5D4-B615F8CD4333 1 908.0 1.0
TCGA-EW-A1OZ-01Z-00-DX1.9639BB06-FF02-475F-A89D-773BE12721CC 1 1229.0 1.0
TCGA-EW-A1P0-01Z-00-DX1.6C75EEBD-CE05-4DE2-8C43-8B6435F1379F 1 1251.0 1.0
TCGA-EW-A1P1-01Z-00-DX1.4B670029-4B3B-4D76-8EA4-F4F29EEF9E37 1 1210.0 1.0
TCGA-EW-A1P3-01Z-00-DX1.EF69B964-57D6-4F8E-A183-A3022AF6E835 2 1611.0 1.0
TCGA-EW-A1P4-01Z-00-DX1.3E9AE553-83D4-4B09-AB7F-D096BCE3BC4D 1 907.0 1.0
TCGA-EW-A1P5-01Z-00-DX1.B0D59A56-116E-48B3-BC90-237EA4B3F95B 0 703.0 1.0
TCGA-EW-A1P6-01Z-00-DX1.A8024C26-6336-4858-88FD-5679795899BA 0 562.0 1.0
TCGA-EW-A1P7-01Z-00-DX1.97575C9F-C318-45A5-A4B7-1A902B93FA3F 1 915.0 1.0
TCGA-EW-A1P8-01Z-00-DX1.E9852193-8CDD-49EF-B49B-DA6931198F0D 0 239.0 0.0
TCGA-EW-A1PA-01Z-00-DX1.03B033F8-62C0-49E1-BDEA-C5217AB3460A 0 575.0 1.0
TCGA-EW-A1PB-01Z-00-DX1.B2E9B88F-C371-4821-9B7B-8A63BB120D95 0 608.0 1.0
TCGA-EW-A1PC-01Z-00-DX1.45369705-AD49-419F-A0F0-EC51473BBAB9 0 187.0 1.0
TCGA-EW-A1PD-01Z-00-DX1.6F6A0122-A50B-4D00-9A3F-7A2502D44E38 0 424.0 1.0
TCGA-EW-A1PE-01Z-00-DX1.8EF56824-0B37-4AD1-AF3E-7988FCBEF773 0 320.0 1.0
TCGA-EW-A1PF-01Z-00-DX1.9420D058-65CE-4DF8-815F-EB407003096E 0 439.0 1.0
TCGA-EW-A1PG-01Z-00-DX1.A31B2048-D04D-467C-A9E4-6A63942A58C6 1 1051.0 1.0
TCGA-EW-A1PH-01Z-00-DX1.77e0f907-fe59-4dc2-b582-6f10330a9c01 0 607.0 1.0
TCGA-EW-A2FR-01Z-00-DX1.FF521BBF-F5BA-4B03-9CA1-101A337F4B45 2 1673.0 1.0
TCGA-EW-A2FS-01Z-00-DX1.A01C9183-2AC8-456A-B5A6-85C5BB0361D8 2 1604.0 1.0
TCGA-EW-A2FV-01Z-00-DX1.0C59AC06-DD9B-413A-8A03-B71774F662FA 1 788.0 1.0
TCGA-EW-A2FW-01Z-00-DX1.4F948681-81F3-46C5-A4E8-FDE8A4116F7A 0 672.0 1.0
TCGA-EW-A3E8-01Z-00-DX1.E185B2E4-3E16-4C66-90D7-FDB9A14BA00D 1 1035.0 1.0
TCGA-EW-A3U0-01Z-00-DX1.526F60F9-D1EB-4613-B428-18A1FC0BAAE2 0 532.0 1.0
TCGA-EW-A423-01Z-00-DX2.5EF1CF39-600A-4ED3-A5A2-AF4435A5F8B5 0 533.0 1.0
TCGA-EW-A423-01Z-00-DX1.31502D62-9C83-4A9C-9682-05A185486EAA 0 533.0 1.0
TCGA-EW-A424-01Z-00-DX1.662894F0-31FE-494B-9A9E-7C369AE23D27 0 715.0 1.0
TCGA-EW-A6S9-01Z-00-DX1.4A8CD2D4-D528-465C-82DC-9CAE35DD424B 0 463.0 1.0
TCGA-EW-A6SA-01Z-00-DX1.DE032DD7-169D-4AA2-A4E0-1EFC158431FA 0 510.0 1.0
TCGA-EW-A6SB-01Z-00-DX1.D56E1922-01A9-4AEE-AB95-D69447DD13EE 1 760.0 1.0
TCGA-EW-A6SC-01Z-00-DX1.C2D50E7C-3AD0-4038-9A1C-CAE54A3FBE2F 1 952.0 1.0
TCGA-EW-A6SD-01Z-00-DX1.32D8240E-2076-492B-BB95-300A9FCA96E7 1 1010.0 1.0
TCGA-GI-A2C8-01Z-00-DX1.09BD8AC9-645A-4C8B-9B36-77D833BDBA09 0 225.0 1.0
TCGA-GI-A2C9-01Z-00-DX1.90181423-51ED-41FE-9B8F-973A67793D4F 3 3342.0 1.0
TCGA-GM-A2D9-01Z-00-DX1.AF4BF2DD-05FB-400B-A1BC-6E7C9B9DDF05 2 1812.0 0.0
TCGA-GM-A2DA-01Z-00-DX1.6E409F88-F654-48C8-A753-BB054037BE16 3 6593.0 0.0
TCGA-GM-A2DB-01Z-00-DX1.9EE36AA6-2594-44C7-B05C-91A0AEC7E511 3 2406.0 1.0
TCGA-GM-A2DC-01Z-00-DX1.39F956BB-52D0-4385-9923-4D7D36D78862 3 2535.0 1.0
TCGA-GM-A2DD-01Z-00-DX1.01332FF3-7488-41B7-A515-7841715DE92B 2 2282.0 1.0
TCGA-GM-A2DF-01Z-00-DX1.CD0BE6D7-2DB3-4193-84CC-F9BE7BF18CC2 2 2155.0 1.0
TCGA-GM-A2DH-01Z-00-DX1.5790F15F-2A0F-4929-8FE4-18A557007989 2 2193.0 1.0
TCGA-GM-A2DI-01Z-00-DX1.5E9715EA-9D2B-49D0-8F1D-972CF24B1960 3 2590.0 1.0
TCGA-GM-A2DK-01Z-00-DX1.4F81A585-9549-454C-8E15-2E4545795460 3 2645.0 1.0
TCGA-GM-A2DL-01Z-00-DX1.1CE6992E-B1CE-45AB-B2EB-75338B6FEE9D 3 3519.0 1.0
TCGA-GM-A2DM-01Z-00-DX1.652038F4-C370-40EB-A545-51062783C74C 3 3226.0 1.0
TCGA-GM-A2DN-01Z-00-DX1.593003B0-BA87-486B-B472-D6B85867D54D 3 3091.0 1.0
TCGA-GM-A2DO-01Z-00-DX1.60817A51-93B7-483D-ABC9-8ED6341C6660 3 2596.0 1.0
TCGA-GM-A3NW-01Z-00-DX1.3B0324F0-4007-4390-AF26-3789A50684E5 3 3361.0 1.0
TCGA-GM-A3NY-01Z-00-DX1.BEED8B8F-5A1B-4CE2-BB5D-A7ED40551AE4 1 1162.0 1.0
TCGA-GM-A3XG-01Z-00-DX1.68FFB600-8573-451F-8100-D11DB091F457 2 1330.0 1.0
TCGA-GM-A3XL-01Z-00-DX1.CCE8AA1D-9194-4E49-9546-DBF25A35847C 2 2108.0 1.0
TCGA-GM-A3XN-01Z-00-DX1.49F5C8AC-0328-4BC2-9FE2-E7150B7A42E2 2 2019.0 1.0
TCGA-GM-A4E0-01Z-00-DX1.55A5D765-AA35-4052-9185-6872B580F0F6 2 2191.0 1.0
TCGA-HN-A2NL-01Z-00-DX1.C2EAF378-4B37-4C1C-BB0F-18FAC62EEC13 0 79.0 1.0
TCGA-HN-A2OB-01Z-00-DX1.14F1FBFB-4540-43CE-9D79-5BC628640424 2 1900.0 0.0
TCGA-JL-A3YW-01Z-00-DX1.827C5C53-9C30-4307-802A-5A7896828A7F 0 360.0 1.0
TCGA-JL-A3YX-01Z-00-DX1.0FE8F389-F79A-4CF8-A83C-420380A02552 0 352.0 1.0
TCGA-LL-A440-01Z-00-DX1.6E031FD6-236C-49FA-B920-4CB120C59037 1 759.0 1.0
TCGA-LL-A441-01Z-00-DX1.33B13078-BB14-4C42-88A6-7460AD2BCD00 1 996.0 1.0
TCGA-LL-A442-01Z-00-DX1.9275EDBD-1C89-4AF3-B02B-19F613A4E083 1 889.0 1.0
TCGA-LL-A50Y-01Z-00-DX1.7F08413F-2C59-4322-9296-84F8CD3DF619 1 762.0 1.0
TCGA-LL-A5YL-01Z-00-DX1.164C74AB-87D5-46CC-9D96-33FE1F88DC80 0 519.0 1.0
TCGA-LL-A5YM-01Z-00-DX1.2B8904A9-6A45-4FFD-AF15-EB81773E5B79 0 466.0 1.0
TCGA-LL-A5YN-01Z-00-DX1.F221939B-3680-4B95-93A9-BE8599550E87 0 447.0 1.0
TCGA-LL-A5YO-01Z-00-DX1.B5B6DFDB-1020-41FF-AA50-9C633E17DE5F 0 440.0 1.0
TCGA-LL-A5YP-01Z-00-DX1.ADA978DF-6625-4C4D-AE0C-F589B2BA4897 0 450.0 1.0
TCGA-LL-A6FP-01Z-00-DX1.6261398A-7288-4924-BBE2-FC1949256E40 0 677.0 1.0
TCGA-LL-A6FQ-01Z-00-DX1.D4FEEC16-FC67-4C4A-A4B1-F8BA34ECBCBD 0 80.0 1.0
TCGA-LL-A6FR-01Z-00-DX1.107010FD-8EDD-406D-B4DE-DEC9E85576FF 0 489.0 1.0
TCGA-LL-A73Y-01Z-00-DX1.50C20931-3AA9-40B4-8A73-56B1976423A8 0 477.0 1.0
TCGA-LL-A73Z-01Z-00-DX1.C010142E-29C0-411D-9E0E-4B7D8A4C09BF 0 227.0 0.0
TCGA-LL-A740-01Z-00-DX1.757D94A5-EF0F-4A0E-99A9-8809B66438DA 0 441.0 1.0
TCGA-LL-A7SZ-01Z-00-DX1.4DAF6421-6A1D-41C8-BFD6-859FE10CB8CC 0 594.0 1.0
TCGA-LL-A7T0-01Z-00-DX1.B03BBA63-ACF4-4BCA-9F2B-F631F0C6A25C 0 376.0 1.0
TCGA-LL-A8F5-01Z-00-DX1.7579425E-1425-4160-A9DD-3D50F4C5428D 0 596.0 1.0
TCGA-LL-A9Q3-01Z-00-DX1.94FA76F5-008A-401B-BFDC-817804BAE5F6 0 532.0 1.0
TCGA-MS-A51U-01Z-00-DX1.490DE85A-ECE5-4E2A-9657-841BE6FFCCA0 0 681.0 1.0
TCGA-OK-A5Q2-01Z-00-DX2.C828A160-87DF-4625-A8C5-2057F61D54F4 0 64.0 1.0
TCGA-OK-A5Q2-01Z-00-DX1.0D169898-37C6-44CA-AC87-27887123AA6F 0 64.0 1.0
TCGA-OK-A5Q2-01Z-00-DX4.83B45D6C-E350-4436-812F-4155D9F7D331 0 64.0 1.0
TCGA-OK-A5Q2-01Z-00-DX3.5F9215C3-E407-46F8-968E-503D7D14605C 0 64.0 1.0
TCGA-S3-A6ZF-01Z-00-DX1.E50205A0-63CA-49DE-8831-2A8916DEF403 0 572.0 1.0
TCGA-S3-A6ZG-01Z-00-DX1.659A0BFB-D99B-474F-B4C2-6590C9161BD1 0 562.0 1.0
TCGA-S3-A6ZH-01Z-00-DX1.E728FF79-4921-436F-BFF5-5B782C0EEB9A 0 641.0 1.0
TCGA-S3-AA0Z-01Z-00-DX1.4D96156A-4067-41F2-90B8-41EF7ED794CF 0 629.0 1.0
TCGA-S3-AA10-01Z-00-DX1.C0468882-0DD8-4FC5-8C2F-E18BE8000F69 0 586.0 1.0
TCGA-S3-AA11-01Z-00-DX1.36B83B37-2928-4DB7-A04A-8D511F1183FD 0 421.0 1.0
TCGA-S3-AA12-01Z-00-DX1.2A991B9F-E7E6-410B-B0BF-635E3CC40C7E 0 574.0 1.0
TCGA-S3-AA12-01Z-00-DX2.4F0A4F18-41C7-4497-A7B8-5DCE610E08AD 0 574.0 1.0
TCGA-S3-AA14-01Z-00-DX1.000A865F-19E6-4018-9352-BFA54EF0CE31 0 529.0 1.0
TCGA-S3-AA15-01Z-00-DX2.915A4F90-25CB-4535-99C7-D0D0CFC90412 0 525.0 1.0
TCGA-S3-AA15-01Z-00-DX1.A2456A4A-E6E8-4429-8F09-B997AA497BB0 0 525.0 1.0
TCGA-S3-AA17-01Z-00-DX1.9B7DC02E-ECB2-4403-A894-F418AD452E49 0 424.0 1.0
TCGA-UL-AAZ6-01Z-00-DX1.0488628B-C06B-4A1D-9198-EC29D0BACF6E 0 518.0 1.0
TCGA-UU-A93S-01Z-00-DX1.C4809779-DF5F-4F5D-A78C-B7F95F2D050F 0 116.0 0.0
TCGA-W8-A86G-01Z-00-DX2.DEC2CC1C-3662-43C6-A5CB-EC94B343FA3D 0 347.0 1.0
TCGA-WT-AB41-01Z-00-DX1.75BDFDF2-CD87-46D1-B32C-725741CB02BE 2 1611.0 1.0
TCGA-WT-AB44-01Z-00-DX1.B6ECEA7C-DA26-4B34-88CE-6834631DFA35 1 883.0 1.0
TCGA-XX-A899-01Z-00-DX1.08FE27B7-73B8-4CE3-ACF4-0689C81C140B 0 467.0 1.0
TCGA-XX-A89A-01Z-00-DX1.671E2AD6-4D1A-4579-88C1-5B0B15818126 0 488.0 1.0
TCGA-Z7-A8R5-01Z-00-DX1.3BDB407F-514C-4131-B058-FA1E69154276 3 3287.0 1.0
TCGA-Z7-A8R6-01Z-00-DX1.CE4ED818-D762-4324-9DEA-2ACB38B9B0B9 3 3256.0 1.0
